58077
510 510 510
510 510 510
510 510 510
510 510 510
255 255 255
216 216 216
0 0 0
0 0 0
0 0 0
0 0 0
255 255 255
255 255 255
255 255 255
255 255 255
0 0 0
0 0 0
0 0 0
0 0 0
0 0 0
0 0 0
255 255 255
255 255 255
255 255 255
255 255 255
0 0 0
0 0 0
0 0 0
0 0 0
0 0 0
0 0 0
255 255 255
255 255 255
255 255 255
255 255 255
0 0 0
0 0 0
0 0 0
0 0 0
0 0 0
0 0 0
0 0 0
0 0 0
0 0 0
0 0 0
0 0 0
0 0 0
0 0 0
0 0 0
0 0 0
0 0 0
0 0 0
0 0 0
0 0 0
0 0 0
0 0 0
255 255 255
255 255 255
255 255 255
255 255 255
255 255 255
0 0 0
0 0 0
0 0 0
0 0 0
0 0 0
255 255 255
255 255 255
255 255 255
255 255 255
255 255 255
0 0 0
0 0 0
0 0 0
0 0 0
0 0 0
255 255 255
255 255 255
255 255 255
255 255 255
255 255 255
0 0 0
0 0 0
0 0 0
0 0 0
0 0 0
255 255 255
255 255 255
255 255 255
255 255 255
255 255 255
0 0 0
0 0 0
0 0 0
0 0 0
0 0 0
255 255 255
255 255 255
255 255 255
255 255 255
255 255 255
