15
449 449 449
331 331 331
375 375 375
474 474 474
193 193 193
219 219 219
11 11 11
198 198 198
159 159 159
95 95 95
375 375 375
461 461 461
261 261 261
288 288 288
186 186 186
57 57 57
131 131 131
78 78 78
84 84 84
241 241 241
449 449 449
309 309 309
454 454 454
369 369 369
233 233 233
138 138 138
40 40 40
178 178 178
6 6 6
21 21 21
385 385 385
260 260 260
306 306 306
305 305 305
190 190 190
133 133 133
138 138 138
203 203 203
92 92 92
73 73 73
25 25 25
6 6 6
173 173 173
117 117 117
94 94 94
53 53 53
23 23 23
34 34 34
105 105 105
103 103 103
194 194 194
69 69 69
146 146 146
168 168 168
73 73 73
500 500 500
460 460 460
331 331 331
422 422 422
298 298 298
68 68 68
67 67 67
145 145 145
178 178 178
180 180 180
317 317 317
391 391 391
289 289 289
388 388 388
331 331 331
223 223 223
173 173 173
114 114 114
129 129 129
84 84 84
420 420 420
309 309 309
452 452 452
392 392 392
267 267 267
91 91 91
192 192 192
7 7 7
135 135 135
197 197 197
451 451 451
280 280 280
365 365 365
321 321 321
361 361 361
164 164 164
149 149 149
186 186 186
114 114 114
127 127 127
381 381 381
433 433 433
502 502 502
416 416 416
477 477 477
