100
303 303 423
423 423 275
275 275 295
295 295 408
153 153 145
145 145 245
245 245 44
44 44 84
84 84 94
94 94 226
481 481 329
329 329 455
455 455 303
303 303 364
109 109 171
171 171 242
242 242 169
169 169 184
184 184 17
17 17 75
330 330 314
314 314 277
277 277 297
297 297 403
148 148 69
69 69 74
74 74 175
175 175 110
110 110 98
98 98 61
316 316 344
344 344 289
289 289 281
281 281 395
140 140 149
149 149 165
165 165 241
241 241 68
68 68 17
17 17 44
44 44 98
98 98 254
254 254 109
109 109 147
147 147 12
12 12 162
162 162 45
45 45 177
177 177 46
46 46 76
76 76 96
96 96 218
218 218 6
6 6 56
56 56 60
315 315 301
301 301 293
293 293 455
455 455 370
370 370 273
18 18 83
83 83 37
37 37 172
172 172 213
213 213 147
402 402 506
506 506 498
498 498 404
404 404 446
446 446 268
13 13 246
246 246 213
213 213 111
111 111 197
197 197 97
352 352 281
281 281 275
275 275 436
436 436 380
380 380 495
240 240 76
76 76 188
188 188 7
7 7 168
168 168 126
381 381 336
336 336 421
421 421 346
346 346 302
302 302 344
89 89 5
5 5 61
61 61 192
192 192 207
207 207 129
384 384 278
278 278 488
488 488 357
357 357 462
462 462 485
