3036228
294 287 271
306 299 281
312 305 286
299 293 271
44 38 16
46 39 20
41 35 19
34 28 14
30 26 15
14 10 1
266 261 255
279 275 266
287 281 265
296 289 270
292 281 263
297 284 267
313 297 282
334 316 304
312 295 285
305 291 280
290 277 268
298 288 276
304 298 284
300 297 278
298 297 276
309 312 285
321 321 293
315 316 284
303 303 267
304 304 268
301 302 268
311 312 280
295 298 267
288 291 262
287 292 262
289 294 264
302 307 277
299 304 274
295 298 269
309 312 285
374 374 350
354 353 332
316 313 294
315 313 292
50 49 21
43 44 13
41 42 11
34 37 6
45 48 17
41 46 14
284 289 259
280 287 256
285 289 262
283 287 262
306 308 286
320 319 298
310 307 288
302 299 280
305 299 283
311 305 289
309 303 289
296 293 278
281 278 263
284 281 266
284 282 267
279 277 262
286 284 269
292 290 275
285 286 268
282 283 265
273 275 255
277 279 258
285 287 265
285 289 266
287 289 265
282 286 263
277 282 262
284 288 271
275 279 262
278 282 265
279 282 265
285 288 271
279 282 265
271 274 257
14 15 0
18 19 3
28 29 13
27 28 12
23 21 6
27 25 10
276 274 261
286 284 271
290 288 275
288 286 273
293 289 277
281 277 265
289 283 269
288 282 268
293 287 273
302 296 282
306 298 287
307 299 288
308 302 290
293 286 276
303 296 286
293 286 278
294 287 279
308 304 295
293 288 284
268 263 259
269 262 255
275 268 258
289 282 272
285 281 270
290 286 277
280 279 274
266 266 264
270 272 271
268 270 269
265 267 264
265 266 258
266 266 255
271 269 255
321 315 299
50 38 24
30 16 3
59 45 32
46 34 20
50 41 26
49 40 25
298 289 272
319 310 293
319 307 293
302 290 276
306 294 282
303 293 281
286 276 264
286 278 265
306 300 288
293 287 275
296 290 276
292 286 272
301 295 279
291 285 269
289 282 266
289 282 264
319 312 294
301 294 276
297 289 270
296 288 269
63 55 34
68 60 39
64 53 33
59 48 28
79 68 46
65 54 32
316 305 283
319 308 288
321 310 292
314 302 286
57 47 35
45 35 25
43 33 24
43 32 26
33 22 18
26 15 11
25 14 12
26 15 13
29 18 14
39 30 25
296 285 281
281 272 267
278 273 269
271 268 263
280 275 271
283 275 272
283 273 271
329 318 314
338 324 321
328 315 309
297 286 280
290 279 273
281 272 265
270 265 259
263 260 255
265 264 262
269 269 269
268 266 267
266 262 259
268 263 259
12 8 5
12 8 7
11 7 8
11 7 8
7 5 6
6 5 3
258 257 255
261 260 256
266 263 258
263 260 255
12 7 4
13 7 7
17 8 11
12 6 8
12 6 6
267 263 260
271 266 262
282 277 271
288 283 277
293 289 280
283 276 266
285 278 268
291 285 273
286 280 268
284 280 268
278 274 262
285 283 271
287 285 273
282 280 268
275 273 261
277 277 265
278 278 266
279 275 263
278 274 262
285 277 266
285 277 266
287 279 266
292 284 271
289 281 268
286 278 265
33 25 14
43 35 24
37 24 16
37 24 16
42 25 18
50 31 24
305 285 276
300 278 267
290 270 261
292 272 263
33 14 7
47 30 22
40 23 13
35 21 8
41 29 13
294 286 267
316 310 288
336 331 309
344 339 319
358 356 335
361 358 341
359 352 336
360 346 337
359 340 333
321 302 295
301 282 275
300 283 275
290 273 265
287 273 264
290 276 267
287 274 265
289 276 267
290 280 270
281 271 261
277 269 258
282 274 263
280 272 261
279 271 260
286 280 268
287 283 271
32 30 18
31 32 18
24 25 11
27 30 13
44 47 28
47 49 28
287 289 265
297 300 273
297 297 273
292 294 270
32 36 13
24 29 7
22 30 9
21 26 6
31 30 10
279 278 258
277 280 259
283 285 263
292 285 266
304 291 274
297 280 264
284 267 255
288 276 260
282 273 256
279 270 255
285 273 259
294 282 270
296 288 275
292 293 279
296 300 283
290 293 274
295 298 279
294 297 278
288 291 272
282 285 266
278 281 262
22 23 5
17 18 0
25 26 8
23 24 6
29 32 13
25 28 9
27 30 11
16 21 1
20 25 5
22 25 6
293 294 276
289 290 272
289 290 274
276 279 262
21 23 9
33 35 21
32 36 21
24 28 13
17 21 4
275 280 260
272 277 257
276 281 258
282 287 264
294 300 272
305 309 282
300 304 277
34 36 15
25 26 10
16 18 4
11 13 0
12 14 1
17 19 6
274 276 263
272 274 260
290 294 279
275 279 262
262 267 255
275 280 260
277 281 264
272 276 261
32 36 22
39 42 31
19 20 12
15 16 8
13 16 7
272 275 266
274 277 268
274 277 268
275 278 267
278 281 270
277 280 269
277 281 267
278 280 267
275 277 264
18 20 7
18 20 6
20 21 7
21 21 9
17 19 8
270 271 263
269 270 262
266 267 259
266 266 258
270 270 262
272 272 264
268 268 260
17 17 9
18 18 10
22 22 14
25 25 17
22 23 15
15 16 8
267 268 260
268 269 261
271 271 263
270 270 262
268 268 260
267 267 259
264 263 258
260 259 255
4 3 0
5 4 0
7 6 1
8 7 2
16 13 8
278 273 269
280 273 267
277 270 264
272 265 259
272 265 259
271 266 262
269 266 261
265 260 256
271 266 262
269 261 258
269 261 258
280 272 269
270 262 259
270 260 258
269 259 257
271 263 260
272 264 261
269 261 258
270 262 259
270 265 261
265 260 256
17 9 6
17 9 6
17 9 6
26 18 15
27 18 13
17 8 3
273 264 259
274 265 260
272 263 258
272 263 258
273 264 259
273 264 259
313 298 277
317 300 282
65 38 29
76 45 40
108 71 65
160 122 113
160 122 103
414 378 352
416 383 352
414 383 352
402 373 343
397 367 339
400 368 343
412 381 353
412 377 349
412 379 348
402 371 342
399 370 340
401 374 345
395 373 336
410 392 342
357 344 292
306 294 256
289 278 256
284 275 268
274 269 266
271 266 260
272 269 260
17 17 9
14 14 6
11 12 7
12 13 8
13 14 9
13 14 9
270 271 266
271 272 267
270 271 266
268 269 264
269 270 265
271 272 267
270 271 266
269 270 265
11 12 7
8 9 4
8 8 6
10 10 8
11 11 9
265 265 263
267 266 262
266 265 261
266 265 261
267 266 262
267 266 262
265 264 260
263 262 260
264 263 261
261 260 258
261 260 258
262 261 259
262 261 259
261 260 258
262 261 259
264 263 261
266 265 263
12 8 7
15 10 6
25 16 7
70 58 46
80 63 56
81 62 56
88 71 63
76 62 49
88 80 57
138 134 107
308 306 283
280 279 261
283 279 270
283 278 274
286 277 272
280 271 266
290 277 271
299 288 282
67 56 50
74 65 58
75 68 60
77 70 62
73 66 56
334 327 317
324 314 305
341 331 322
340 330 320
330 320 310
333 325 314
333 327 315
324 320 308
321 317 305
320 312 301
314 306 295
319 311 300
332 324 313
323 315 304
317 309 298
322 315 305
304 297 287
45 38 28
48 41 31
46 39 29
49 42 32
54 47 39
302 298 287
295 291 282
297 293 282
294 287 277
292 285 275
293 283 273
292 282 272
300 288 276
311 299 287
320 304 291
321 305 292
316 300 285
318 302 287
319 303 287
317 301 285
315 302 286
316 303 287
314 302 286
312 300 284
314 301 285
318 299 292
327 296 302
355 318 325
429 393 381
424 390 365
415 384 353
419 390 358
412 385 356
418 388 360
419 388 359
419 386 355
419 386 355
417 387 353
413 388 347
411 392 349
106 97 58
36 30 0
25 18 0
39 31 12
57 47 35
316 305 299
312 301 297
307 296 292
297 288 279
298 290 279
308 300 287
320 312 299
326 318 307
324 315 306
320 311 304
317 308 301
317 308 299
320 312 301
319 311 300
326 318 307
321 313 302
324 316 303
320 312 299
323 315 302
329 321 308
324 316 303
321 313 302
319 311 300
313 304 295
316 307 298
310 301 292
313 306 296
301 297 288
316 312 301
338 330 319
333 325 312
323 313 301
326 316 304
315 307 296
293 289 280
14 13 8
15 17 12
6 10 9
4 8 7
18 20 19
274 276 273
269 270 265
335 324 320
332 298 297
336 282 282
354 276 274
370 279 276
380 280 280
376 286 286
354 285 288
321 276 281
288 267 272
267 261 265
271 269 272
293 291 292
274 270 269
273 268 265
274 268 268
276 270 270
276 272 269
275 270 266
278 274 265
289 283 271
345 339 325
315 309 293
276 270 256
287 281 269
280 273 263
281 274 266
274 265 258
288 278 269
336 322 311
335 318 302
338 317 298
342 320 296
88 67 38
88 68 43
81 64 48
43 28 23
34 17 27
293 275 287
300 280 282
293 273 272
301 283 283
323 306 314
315 301 318
85 71 86
107 91 92
59 40 26
160 134 109
179 149 115
183 151 113
437 408 366
438 413 372
360 340 303
327 311 286
322 310 294
316 307 298
315 308 298
316 313 296
313 310 293
318 316 301
314 312 300
272 269 264
271 270 266
269 269 261
270 270 262
268 267 263
281 280 276
284 283 279
279 278 273
280 277 272
282 279 272
284 281 274
285 282 275
24 21 14
28 25 16
32 29 22
35 32 25
35 32 25
288 288 280
289 289 281
292 289 282
289 285 276
289 285 276
289 285 276
32 28 19
29 26 17
27 24 15
27 24 17
27 24 17
26 23 16
280 277 270
279 276 269
281 278 271
279 279 271
277 277 269
277 277 269
281 278 273
282 278 277
287 283 282
291 285 285
293 289 288
296 290 290
301 295 295
300 294 294
298 289 290
319 310 311
320 310 309
319 310 305
318 307 301
320 307 299
320 307 298
322 308 297
321 307 294
322 310 294
321 309 293
321 309 295
340 326 315
388 374 365
385 371 360
383 369 358
384 371 355
384 373 353
383 373 348
381 374 348
125 118 90
61 54 28
51 45 21
53 47 25
50 45 25
43 40 21
309 304 284
319 304 281
365 341 313
415 384 353
410 374 340
418 380 344
410 375 337
412 378 340
405 373 334
418 385 344
412 375 333
406 362 317
375 324 277
379 321 273
376 318 270
367 314 270
380 336 299
344 313 285
294 273 256
276 266 257
273 268 264
272 268 265
268 264 261
271 267 264
268 267 265
266 264 265
264 264 264
268 267 265
273 269 266
277 268 261
274 267 259
261 264 257
261 266 262
264 264 264
14 10 9
22 12 13
29 15 15
49 29 28
76 53 47
60 31 23
328 296 285
330 294 280
315 279 263
315 278 262
318 281 263
316 277 260
320 278 262
335 289 273
359 314 293
440 398 373
449 412 383
361 330 302
297 272 255
293 275 265
270 259 257
272 267 273
271 270 276
264 268 271
264 268 269
259 264 260
267 267 265
266 264 265
267 263 264
271 265 267
269 267 268
266 272 272
268 274 274
271 273 270
271 272 267
272 272 270
20 18 23
26 13 33
32 14 30
115 91 87
122 103 88
60 48 36
63 55 44
58 50 39
54 41 32
61 42 36
392 368 356
391 364 335
369 340 308
366 338 316
368 342 325
350 327 313
361 338 324
368 341 324
371 344 327
371 348 334
369 350 335
368 351 333
370 351 334
377 351 338
379 351 339
377 351 336
367 344 326
370 347 331
372 349 333
371 345 330
367 341 326
372 346 329
369 344 324
361 336 316
358 333 311
360 336 312
355 331 307
341 319 298
366 344 323
357 334 318
107 84 68
111 88 74
92 70 56
99 77 63
91 72 55
350 332 310
363 347 324
359 342 326
365 347 333
363 344 330
365 345 334
380 357 351
378 352 351
394 365 370
409 380 376
482 455 428
478 456 417
353 339 300
311 302 271
295 287 274
287 282 279
286 284 285
282 284 281
296 302 292
317 323 313
283 288 281
281 286 280
286 288 283
280 282 277
276 279 272
278 281 274
277 279 276
282 284 281
284 286 281
294 297 290
288 289 281
284 287 278
289 290 282
288 291 282
289 291 280
30 33 22
34 38 24
34 38 24
38 41 30
40 43 32
300 303 292
295 301 289
306 309 298
300 303 294
301 302 294
300 301 295
299 300 294
299 300 294
300 303 296
305 308 299
309 312 303
311 314 305
310 313 304
311 314 305
307 310 301
303 306 297
303 304 296
306 309 298
306 307 299
301 304 295
295 300 293
293 300 293
293 298 292
294 299 293
295 297 292
293 295 290
294 295 289
296 297 291
300 301 295
297 298 292
297 300 293
299 302 295
294 297 290
292 295 288
299 302 295
52 55 48
45 46 38
50 52 41
52 52 42
46 46 36
311 308 299
301 298 289
299 296 289
304 304 296
300 299 294
302 301 296
298 299 293
299 300 292
302 303 295
298 298 288
299 299 289
311 311 301
333 335 324
312 315 304
308 309 301
305 308 297
308 309 301
300 303 292
305 306 298
299 302 291
307 308 300
308 311 300
311 314 305
313 316 305
315 316 308
314 316 305
313 314 306
312 314 303
310 311 303
312 314 303
316 317 309
321 323 312
324 325 317
323 325 314
322 323 315
67 69 58
76 77 69
77 79 68
79 80 72
80 82 71
338 339 331
341 343 332
344 345 337
345 347 336
352 354 343
357 360 349
362 365 354
363 366 355
363 366 355
364 367 356
367 371 357
369 373 359
371 373 360
372 374 361
367 369 356
372 374 361
370 372 359
379 381 368
379 381 367
383 385 371
380 382 369
381 383 370
382 386 372
384 391 375
387 394 378
389 395 381
390 393 382
388 394 384
389 395 385
379 391 377
386 410 386
375 416 376
362 420 362
401 474 401
428 510 429
152 240 153
122 199 121
129 194 126
94 147 91
99 141 95
359 385 350
364 380 353
365 373 350
369 372 351
364 370 344
362 368 340
366 375 346
354 365 335
103 112 85
98 106 82
107 112 92
101 105 88
100 104 89
94 98 83
347 351 336
343 347 332
346 348 334
354 356 342
358 360 347
364 366 353
338 340 327
335 337 324
320 322 311
318 320 309
311 311 301
302 302 292
306 306 296
301 301 293
303 302 297
305 302 297
309 305 296
316 309 299
323 315 302
325 316 299
343 332 314
335 324 304
354 343 323
323 315 294
326 317 300
370 364 348
391 389 374
363 363 351
372 374 363
362 364 353
370 370 360
362 362 350
356 356 344
361 361 349
113 113 101
110 110 98
112 112 102
126 126 116
106 108 97
110 112 101
366 367 359
368 369 361
367 368 360
348 349 341
319 320 312
302 305 296
295 302 294
292 299 291
306 307 301
319 314 308
416 405 399
425 408 401
358 339 332
104 84 75
152 134 124
167 150 140
104 92 80
89 81 68
80 76 64
338 336 323
326 327 313
327 328 314
326 326 314
331 329 317
324 318 304
331 321 309
336 324 312
328 318 309
313 305 303
278 276 279
273 277 286
285 295 305
283 296 305
333 342 347
125 129 128
72 72 64
72 65 49
85 73 59
71 58 52
73 62 58
324 322 310
319 321 307
313 316 297
325 328 309
322 320 307
322 320 308
318 320 309
313 324 310
314 339 317
295 339 303
289 347 296
292 363 295
261 340 259
23 86 16
42 67 28
44 47 26
45 48 29
41 44 27
48 49 35
302 303 289
300 298 286
300 298 286
304 302 290
308 304 293
309 305 293
317 311 299
316 310 296
311 305 289
315 309 293
317 310 292
333 321 305
320 308 292
311 299 285
318 306 290
66 52 39
76 63 47
69 55 42
75 62 46
69 55 42
72 60 44
327 313 300
324 312 296
325 313 299
322 313 296
318 309 294
317 310 292
317 309 290
320 313 294
317 308 291
315 308 290
312 305 289
311 303 290
314 306 295
52 44 33
56 48 37
60 52 41
64 56 45
57 49 36
53 46 30
311 304 288
310 303 287
312 305 286
311 304 278
317 310 282
315 308 282
316 309 283
314 303 281
317 306 286
325 314 294
309 298 280
54 43 25
53 42 24
62 49 32
60 49 31
59 46 27
52 39 20
56 43 24
54 42 20
58 47 25
57 47 22
309 299 274
312 301 279
314 303 281
313 302 280
311 300 278
307 296 274
324 313 291
384 373 351
445 435 410
444 434 409
451 441 414
447 437 410
438 429 400
184 170 144
179 153 136
194 166 152
147 121 106
57 34 18
65 44 27
314 295 278
314 299 280
306 291 272
297 284 265
299 287 265
305 293 271
311 299 277
311 296 275
329 313 290
326 310 287
328 310 288
82 61 40
94 73 52
100 79 60
100 79 60
103 82 63
360 339 320
367 344 326
369 346 328
380 358 337
379 357 336
376 354 333
377 355 332
385 363 340
387 365 341
385 363 339
384 367 341
365 351 325
361 349 325
362 350 326
100 85 62
90 75 52
106 91 68
108 93 70
121 106 85
106 91 70
96 81 60
79 64 43
63 51 29
60 47 28
314 303 283
311 300 280
304 296 275
299 297 272
324 327 300
365 367 345
360 362 341
318 319 301
281 282 266
279 279 267
271 271 261
18 18 10
15 14 9
16 15 10
18 17 12
20 16 13
273 270 265
275 271 268
279 276 271
278 275 270
266 266 258
282 281 276
280 279 274
276 275 270
275 276 270
279 280 275
267 270 263
270 272 267
273 278 271
283 285 280
31 36 30
30 35 29
28 35 28
22 27 21
10 17 10
265 271 267
275 281 279
279 283 284
274 278 279
275 276 278
280 282 281
279 281 278
271 276 272
264 270 268
266 271 274
263 271 274
267 275 277
273 279 275
272 278 264
275 281 255
326 334 283
99 109 23
87 98 6
47 57 0
43 52 0
41 52 0
286 298 255
278 288 263
286 299 271
296 310 261
292 311 255
337 358 255
396 416 291
327 341 255
327 337 255
314 319 255
353 359 271
369 378 271
305 315 255
315 322 255
53 55 15
45 48 19
49 52 25
36 38 1
42 45 0
377 379 329
383 383 333
342 339 294
323 319 281
299 296 263
289 288 260
278 278 255
277 275 255
315 310 255
371 365 277
315 307 255
296 289 255
303 297 261
297 293 256
307 306 260
297 298 255
140 146 40
127 127 13
118 107 15
107 89 0
226 206 45
457 432 255
472 439 272
443 401 265
379 327 255
371 298 255
477 372 289
453 351 277
367 302 262
336 300 274
313 304 275
338 337 309
330 317 298
309 296 279
307 301 287
48 46 31
52 47 28
52 44 23
40 27 8
46 35 13
294 286 263
295 289 265
290 284 258
315 309 285
298 291 273
300 291 282
294 284 283
281 270 274
279 268 274
290 280 281
294 287 279
285 279 265
286 283 268
286 282 270
290 286 277
289 289 277
34 39 17
18 25 7
34 39 35
32 34 31
30 27 12
294 288 266
288 279 262
300 292 255
313 306 255
432 421 297
469 442 273
462 430 269
369 341 255
334 297 255
356 293 255
397 319 255
400 322 256
380 312 255
400 348 255
186 146 14
199 171 48
120 102 4
45 30 0
39 30 0
289 282 263
285 279 263
284 279 259
287 282 262
293 286 270
301 292 277
308 300 281
309 298 280
296 284 268
295 286 269
289 284 264
281 277 255
289 282 255
307 303 256
301 305 255
366 371 268
416 412 287
384 379 255
340 337 255
417 410 319
372 355 299
323 303 268
322 305 279
341 326 303
311 304 276
322 317 287
326 321 289
339 335 298
331 328 287
339 336 293
334 331 286
338 335 292
334 329 289
335 330 290
337 332 294
83 78 40
80 75 35
77 72 30
80 76 31
86 82 37
332 328 283
330 326 281
332 327 285
330 325 283
329 324 284
334 329 289
330 325 287
333 328 290
335 330 292
335 330 292
339 334 296
334 329 291
339 334 294
336 331 291
337 332 292
333 328 290
335 329 293
332 326 290
331 325 291
333 327 293
335 326 293
332 323 290
332 323 292
335 326 295
332 323 294
332 323 294
332 322 295
334 324 297
329 322 294
321 314 286
312 305 279
304 296 273
302 295 276
309 302 284
309 302 286
327 320 304
315 308 292
299 292 276
298 291 275
294 287 269
321 314 296
331 324 306
338 332 316
334 328 314
304 300 289
275 271 262
270 267 262
270 267 262
268 264 255
277 271 259
292 286 274
313 307 291
324 317 299
329 322 303
334 328 306
324 318 296
324 318 296
324 318 296
325 320 301
321 315 299
313 307 295
272 268 257
269 265 256
298 294 282
319 314 294
330 324 302
320 312 293
308 296 280
288 274 261
283 269 258
277 265 255
278 268 256
273 266 255
295 292 273
309 307 286
297 297 273
283 286 259
287 290 261
299 302 273
308 311 280
297 297 263
294 294 260
286 287 255
302 303 272
295 298 269
289 292 265
278 282 255
272 276 255
280 284 257
277 282 255
275 278 255
293 296 269
368 367 346
354 353 332
313 312 294
309 308 287
299 299 273
301 304 273
301 304 273
282 287 255
288 293 261
284 291 258
285 292 261
295 302 271
280 284 257
283 287 260
305 307 283
311 313 291
305 304 284
309 306 287
308 302 286
297 294 277
295 292 275
292 289 272
283 280 265
283 280 265
286 284 269
295 293 278
302 300 285
294 293 275
294 295 277
292 294 273
286 288 267
281 285 262
274 278 255
274 279 256
284 290 264
282 287 264
267 272 255
282 287 265
280 285 263
278 283 261
276 279 258
278 281 262
272 275 256
273 276 259
272 273 257
276 277 261
296 297 281
293 294 278
288 286 271
294 292 277
291 289 276
305 303 290
305 303 290
296 294 281
296 292 280
290 286 274
299 293 279
301 295 281
298 292 278
298 292 278
