4067790
338 356 381
314 295 294
435 383 410
320 379 366
109 118 81
127 110 73
106 117 26
154 129 161
48 53 60
202 203 221
456 462 477
327 333 350
352 354 367
339 337 356
396 394 441
287 293 310
364 362 381
429 424 410
331 332 350
272 271 301
363 363 375
505 505 493
303 303 315
351 351 361
469 469 478
308 308 318
440 440 433
405 405 411
502 502 510
311 311 287
327 328 332
281 281 274
347 348 370
311 313 260
445 446 432
447 447 475
429 430 421
466 477 452
369 368 381
503 484 501
413 402 396
327 331 374
468 464 495
282 283 313
236 236 226
69 69 66
227 224 234
115 114 80
197 194 237
189 160 145
301 339 259
358 352 334
418 414 445
330 373 342
392 393 428
312 260 291
336 364 332
467 488 455
259 269 294
418 429 390
495 501 465
367 378 358
345 339 350
273 299 261
325 320 351
463 487 462
439 434 412
409 396 444
348 340 360
497 460 441
434 400 498
510 472 446
493 455 429
389 407 453
380 350 316
366 320 302
315 285 379
267 301 331
453 483 389
279 313 343
277 307 341
300 462 492
341 435 405
479 461 415
35 1 99
34 60 98
166 135 228
183 150 241
126 93 60
153 122 91
338 433 400
293 454 483
298 264 362
365 395 429
361 327 297
290 452 482
458 491 396
407 442 473
333 428 497
356 387 472
263 488 435
354 319 294
462 479 386
256 289 332
341 374 273
412 443 472
395 428 457
298 263 360
476 503 407
355 326 294
440 355 259
433 400 496
316 279 375
362 327 295
488 458 429
472 318 283
492 266 341
497 463 442
445 413 496
386 418 455
465 497 395
491 268 335
379 322 289
447 486 389
234 203 168
26 253 222
25 56 85
9 41 79
18 48 93
152 70 33
285 450 418
445 412 508
441 348 378
265 294 328
290 259 358
378 343 318
330 425 502
487 266 299
346 376 285
370 405 437
419 384 480
307 278 374
392 427 459
498 467 434
314 279 378
264 297 328
387 362 323
271 498 465
262 279 314
507 477 441
16 50 74
38 7 26
7 230 203
93 113 9
55 11 99
158 185 196
367 350 313
308 279 380
464 505 390
418 407 505
203 161 190
118 14 34
188 166 201
236 132 184
250 132 175
219 165 142
50 47 10
178 215 232
229 129 171
98 6 51
292 319 342
508 407 398
403 491 451
435 392 487
484 472 443
485 470 416
433 389 455
495 455 386
333 328 301
305 318 415
405 403 270
510 507 389
431 442 475
462 464 407
267 288 344
323 348 264
284 258 287
346 375 279
344 356 285
338 334 278
58 31 114
146 143 218
42 15 103
124 156 198
71 107 11
160 75 105
276 505 473
367 388 420
480 265 297
481 261 291
176 94 125
184 92 13
106 131 196
20 235 175
170 140 249
381 344 291
468 495 391
327 360 267
279 453 474
403 327 335
367 402 438
344 379 283
472 504 401
439 408 490
474 506 387
299 258 362
426 392 486
429 391 491
354 384 418
462 493 396
355 322 287
322 357 259
368 339 309
327 365 270
486 460 417
425 408 480
503 462 435
267 318 332
421 399 480
302 290 354
211 221 126
171 92 240
102 154 57
46 219 97
157 175 220
191 206 142
282 362 291
468 505 409
469 452 417
439 461 387
153 150 184
1 50 94
231 213 69
115 135 20
199 214 133
489 510 452
390 439 411
310 264 297
297 309 266
494 491 460
376 367 342
262 276 365
341 324 352
384 427 460
413 391 468
437 447 502
338 323 274
489 388 425
444 425 384
403 482 475
368 262 289
457 443 408
330 344 367
470 452 491
328 346 379
438 420 395
313 327 374
413 401 425
485 508 467
350 343 365
114 115 89
201 202 230
69 70 106
133 155 168
212 213 227
65 66 113
498 494 449
448 454 392
403 411 465
397 406 338
54 53 112
163 160 231
177 176 246
116 120 50
55 50 130
504 499 419
288 294 377
414 413 476
479 485 473
481 490 470
420 445 403
426 430 411
377 358 329
272 272 340
409 409 467
255 257 448
475 472 414
264 367 308
270 372 304
407 402 424
350 348 370
267 268 298
456 460 503
325 321 369
393 400 456
408 412 345
65 77 141
17 21 210
17 19 44
166 167 147
111 110 72
130 131 172
81 80 30
80 81 26
151 144 206
204 201 252
458 451 483
471 477 501
470 472 456
313 311 256
88 70 62
102 93 124
23 47 8
50 60 17
171 191 142
268 311 369
343 355 285
395 400 420
365 374 323
311 287 280
258 263 287
256 283 291
249 241 218
254 230 219
10 0 42
184 191 132
168 161 148
217 221 239
380 375 339
352 356 377
260 274 327
351 382 290
297 347 283
376 357 288
451 462 503
269 260 280
187 180 172
8 9 42
105 102 72
108 97 84
60 67 14
299 303 372
324 322 385
268 258 321
415 416 484
323 324 361
440 440 460
460 460 479
258 259 335
328 329 484
27 23 182
68 88 49
179 181 152
146 149 137
206 204 214
414 413 386
311 313 279
404 402 437
267 269 310
295 301 262
395 395 429
489 489 455
220 193 226
100 97 122
18 47 59
94 92 72
222 209 249
109 97 83
428 433 384
379 371 330
508 484 465
356 366 335
391 388 444
444 456 398
281 360 290
484 501 449
27 96 34
192 202 241
71 78 49
73 65 120
20 29 2
376 370 323
280 278 314
277 269 322
323 322 355
457 454 478
265 267 279
403 403 436
343 344 366
346 349 377
264 259 285
441 432 413
365 351 333
295 287 328
273 264 379
273 282 295
467 475 501
423 421 396
277 263 317
477 474 497
343 347 319
471 451 506
189 191 135
27 30 48
157 129 179
62 51 27
183 182 150
175 177 138
399 406 434
395 386 428
297 300 266
509 508 478
338 338 374
410 421 388
496 501 488
366 338 373
186 191 157
6 61 28
224 232 207
19 27 48
41 16 55
344 302 368
371 267 322
465 457 446
410 384 432
461 451 492
439 436 414
256 262 298
308 308 368
434 431 496
391 398 461
260 259 458
390 394 330
433 438 371
335 338 489
379 383 447
491 479 444
358 354 376
371 373 337
482 507 460
330 369 268
442 434 505
25 5 52
13 3 46
121 116 85
118 116 94
238 238 216
29 29 41
280 286 313
452 457 481
271 276 309
400 412 393
438 460 468
505 484 388
439 439 461
258 267 308
145 154 198
207 248 208
111 96 125
83 89 65
185 131 166
272 259 283
432 389 421
488 485 506
340 319 343
441 428 435
399 387 413
325 338 358
274 289 356
378 329 351
422 409 446
360 348 372
259 263 278
325 369 335
377 325 351
460 509 469
463 492 458
440 434 407
161 151 190
241 135 196
239 154 216
162 182 230
116 137 33
5 113 58
121 111 95
6 62 27
48 53 16
100 110 68
377 380 342
471 464 509
508 391 450
376 354 313
451 449 502
435 438 409
295 302 259
468 465 505
244 247 160
121 96 22
6 14 50
44 53 2
168 144 229
367 362 308
507 504 463
411 406 437
381 364 269
417 437 505
280 255 430
500 490 356
366 351 459
294 295 397
288 293 385
344 321 491
466 477 438
339 348 460
425 428 310
503 447 346
453 304 426
385 391 484
64 61 121
226 246 197
0 53 29
68 126 93
50 9 41
262 267 306
393 388 418
364 360 327
308 304 273
272 276 304
366 357 333
290 297 255
257 313 284
426 418 387
375 357 322
481 471 505
487 496 483
293 301 310
390 385 405
395 394 414
508 480 496
458 462 463
405 399 395
269 259 277
350 341 322
284 258 277
478 487 457
305 318 288
471 462 469
320 330 335
350 339 329
270 307 259
393 399 385
430 419 403
504 496 456
295 304 289
315 265 298
301 289 316
364 343 378
415 404 443
76 66 110
40 35 9
99 122 74
223 217 147
254 226 52
402 396 471
317 317 259
494 481 404
321 334 279
462 450 372
261 257 318
314 255 287
341 333 381
278 360 300
471 472 491
281 259 326
255 318 382
438 443 498
372 270 329
452 455 397
291 318 269
279 284 313
304 305 274
432 433 400
363 366 326
269 267 348
423 425 384
308 309 296
452 451 472
305 310 297
449 458 489
261 269 274
370 327 364
503 495 478
312 300 410
303 259 399
461 434 497
308 310 259
290 302 278
411 420 386
183 175 250
102 28 88
196 193 250
162 162 143
99 97 84
275 272 355
503 510 483
302 301 267
444 440 395
497 510 453
478 473 501
500 503 448
506 501 462
319 324 281
299 338 281
281 261 276
309 307 298
377 325 355
307 317 273
345 337 381
342 348 368
482 493 500
316 313 299
457 456 476
267 258 281
328 332 360
287 301 259
503 453 484
365 358 327
393 383 425
325 332 355
382 326 356
348 342 380
366 340 373
466 471 497
454 459 482
361 370 327
298 287 265
348 358 323
311 256 290
120 123 102
151 168 137
184 162 243
228 251 4
88 84 43
299 304 258
309 306 262
373 367 347
300 295 309
437 432 390
296 293 341
36 44 97
116 115 54
6 6 68
212 212 230
159 159 176
224 225 185
383 384 462
310 309 262
304 331 267
433 461 396
362 364 337
486 493 323
297 289 342
464 468 435
396 496 432
413 401 505
480 283 402
452 448 438
344 343 479
282 285 415
323 345 457
494 487 368
496 496 404
371 333 302
429 437 458
269 261 366
463 455 430
467 465 395
439 444 505
155 155 205
62 61 248
193 199 141
6 7 77
168 175 155
369 367 302
280 282 319
285 288 378
412 407 292
298 302 333
406 391 422
178 177 161
170 173 138
231 226 202
65 70 112
112 73 107
17 42 10
495 499 490
325 330 337
500 510 468
345 321 304
462 454 401
275 264 318
304 292 278
418 425 437
430 399 438
300 298 268
353 356 334
449 456 479
347 353 319
462 452 474
496 456 494
495 390 456
394 407 456
341 296 359
436 446 390
317 307 381
349 325 284
328 347 278
470 424 489
404 400 444
307 310 283
418 422 383
446 415 392
377 392 502
305 498 417
415 379 301
343 388 492
419 437 407
505 507 472
273 273 264
203 244 212
29 27 93
199 62 141
182 139 228
152 154 205
11 49 244
368 351 426
286 302 483
388 442 482
390 445 263
406 405 447
331 328 260
421 423 451
326 319 316
356 360 265
370 369 256
261 279 389
426 413 282
405 426 316
329 368 483
439 385 317
266 316 404
342 324 397
353 379 388
380 367 476
281 280 365
379 367 394
331 325 426
400 388 502
408 397 497
317 291 342
279 285 319
307 310 343
364 360 297
506 509 443
275 277 322
281 279 490
394 436 503
459 459 389
383 384 426
88 88 117
161 160 144
154 154 198
225 226 171
192 186 246
4 126 49
408 388 433
372 319 362
314 302 278
480 465 491
379 359 319
339 348 377
460 457 468
407 414 444
339 332 366
436 443 414
504 453 486
329 370 335
446 439 408
255 317 279
440 390 417
255 308 284
276 281 307
477 489 449
310 314 277
283 271 317
271 354 296
421 438 395
303 290 277
505 392 450
314 288 274
289 300 256
355 381 323
404 406 446
338 341 362
424 435 396
247 205 236
9 7 31
138 138 168
239 234 173
47 40 170
108 106 254
230 220 104
211 236 109
252 241 170
131 142 171
421 428 393
398 393 474
283 286 424
271 278 434
361 360 291
257 269 333
397 431 462
478 471 491
295 310 262
361 364 320
353 354 341
322 327 260
399 392 276
421 420 318
477 472 367
437 437 311
345 343 260
306 304 279
360 358 320
418 416 395
481 471 507
407 399 440
323 334 339
361 381 358
390 402 424
320 329 340
389 444 411
315 260 287
470 463 502
420 418 483
48 53 226
35 36 111
8 14 50
73 52 118
156 151 210
332 342 282
489 482 456
325 328 353
394 434 406
387 412 426
255 260 281
440 445 430
268 264 279
256 259 274
351 280 378
392 496 415
305 311 275
367 367 355
413 407 395
499 494 488
256 283 278
346 344 324
364 361 357
399 401 408
459 456 477
505 502 476
256 307 278
354 335 367
377 326 353
337 321 278
455 453 422
310 317 352
487 492 443
290 300 284
362 352 336
341 335 373
335 341 293
364 362 323
391 501 415
370 372 296
26 39 4
247 242 239
3 8 20
3 63 30
180 176 149
346 358 325
299 296 367
465 473 480
414 422 384
415 409 442
296 300 257
416 427 436
311 258 290
435 434 429
504 504 466
445 386 405
411 386 429
302 301 327
404 410 497
296 302 275
410 412 461
464 466 325
457 457 321
452 459 324
366 352 449
286 266 302
309 314 300
398 432 399
434 439 405
300 275 306
346 335 381
263 256 338
491 480 410
449 454 402
337 337 376
354 352 379
331 334 365
367 357 341
457 477 397
286 480 356
35 46 159
209 210 105
185 186 2
253 251 148
144 156 169
384 385 426
428 428 390
428 424 401
463 457 509
350 324 371
329 371 265
430 417 464
401 406 461
424 429 491
296 298 377
270 257 330
420 444 492
300 309 326
486 492 365
388 395 374
265 257 494
465 426 369
474 463 377
300 298 394
399 404 265
285 279 389
443 435 282
288 317 390
277 354 446
393 412 313
436 444 309
296 288 444
402 409 277
300 291 422
416 420 479
474 421 484
319 326 272
330 437 273
374 371 322
278 296 309
111 108 65
163 185 150
178 189 238
193 221 69
110 115 221
356 352 266
441 422 489
388 393 482
485 480 394
273 271 374
318 315 401
337 345 282
371 378 350
356 356 375
363 335 372
331 333 357
344 345 320
382 379 357
274 280 306
392 442 401
306 289 271
381 375 269
312 313 357
477 447 396
470 475 489
281 284 291
320 318 368
453 462 501
310 326 260
345 359 321
268 317 275
311 269 292
348 337 382
433 321 494
390 433 299
434 427 503
348 338 282
489 493 472
381 377 349
425 416 396
91 98 67
111 102 72
137 143 161
209 204 255
150 152 220
332 319 261
387 391 416
388 445 409
319 324 357
356 358 329
437 439 415
354 352 378
366 371 323
73 79 23
25 29 80
213 168 232
16 22 59
180 181 132
222 161 225
319 379 412
408 403 490
402 412 499
356 356 480
312 313 384
293 292 329
364 357 336
452 453 497
341 339 358
478 454 394
495 505 423
435 430 399
454 448 508
261 314 282
473 477 498
482 506 460
385 393 461
362 354 345
275 268 312
391 406 419
257 255 289
460 461 491
322 332 358
493 485 498
494 471 453
298 342 382
365 377 427
269 261 310
370 331 338
505 503 494
444 433 426
331 327 360
370 328 364
401 409 435
46 91 23
124 119 92
203 211 224
86 79 122
116 117 85
202 203 231
327 330 357
286 285 333
284 284 348
407 412 427
287 295 363
463 494 426
403 405 418
255 283 306
342 320 262
319 374 476
287 307 402
335 324 259
470 476 411
226 232 138
31 26 102
7 2 90
83 93 59
172 167 219
183 166 29
451 308 420
385 437 473
427 446 482
297 281 418
287 335 432
362 379 466
505 506 322
412 393 311
403 400 472
422 424 460
265 286 393
310 315 394
310 303 420
321 329 451
287 463 336
165 150 244
161 82 198
6 22 159
178 157 54
139 146 4
29 2 154
341 379 474
495 255 384
282 280 338
320 323 373
296 287 258
399 493 468
269 266 300
503 450 485
272 275 330
381 380 264
356 364 332
471 465 412
375 355 312
46 44 0
216 219 230
108 111 60
90 93 38
52 50 109
58 60 98
327 330 365
509 509 471
472 472 506
413 413 384
302 295 307
279 280 317
341 340 360
463 463 509
364 360 331
298 289 306
499 503 457
291 300 329
493 485 312
474 465 287
466 468 408
209 220 232
146 148 167
106 109 79
97 111 72
185 191 165
211 208 254
368 382 310
346 322 271
270 308 341
457 447 418
475 474 404
371 371 309
399 406 446
293 285 258
398 393 424
372 373 326
470 467 509
414 416 479
448 449 410
51 48 19
196 197 229
155 152 186
153 159 198
106 107 57
202 214 250
344 345 378
326 329 338
273 281 260
280 273 270
303 307 296
503 485 502
455 457 475
309 310 288
321 331 346
414 412 383
493 479 306
109 99 44
45 33 22
239 231 199
83 91 123
248 241 212
152 146 176
137 141 175
216 217 243
212 209 147
139 130 241
261 282 321
441 439 389
279 279 270
419 420 444
382 381 361
510 504 473
260 317 287
455 462 468
341 339 367
442 443 414
351 353 323
498 495 472
464 459 391
51 43 104
248 7 49
52 32 120
100 29 39
145 145 209
218 211 233
257 264 293
346 323 368
503 495 439
302 306 337
314 316 374
391 389 450
384 389 461
441 435 475
417 422 495
427 465 492
364 363 337
105 108 33
223 225 156
56 56 114
22 11 162
115 121 205
303 307 375
310 310 256
261 257 316
331 327 354
341 336 321
379 380 339
355 359 321
443 383 416
494 467 497
316 270 298
310 326 260
285 262 305
274 276 265
490 488 474
216 217 149
203 209 155
186 191 222
72 114 200
36 63 165
114 107 57
84 94 102
25 18 47
21 29 35
127 100 81
499 505 450
425 427 412
477 468 498
491 463 460
447 450 493
270 270 289
442 439 400
306 316 268
295 304 281
473 469 495
510 509 475
204 206 236
213 221 243
129 151 174
16 30 35
230 155 218
373 372 311
455 447 404
394 387 470
342 331 284
307 310 375
316 314 264
379 357 328
276 263 288
408 491 473
307 317 356
382 374 309
408 413 485
462 453 365
386 391 471
183 189 250
46 53 113
22 26 94
14 40 123
243 18 62
490 459 415
453 480 443
450 478 383
255 290 321
261 505 449
418 453 479
351 342 296
495 463 439
480 392 441
403 368 312
379 344 272
486 412 430
279 360 347
490 509 474
263 368 337
488 479 450
80 33 14
98 85 54
62 34 8
5 11 95
92 33 106
294 346 286
281 294 331
340 439 306
463 448 432
465 296 446
432 394 489
311 317 353
447 448 503
420 430 486
407 392 472
399 398 476
352 357 292
449 450 501
369 368 338
81 93 117
126 122 100
99 92 67
84 99 125
235 154 163
270 279 320
509 397 425
380 332 337
414 425 439
301 334 379
354 439 432
290 322 333
305 463 473
292 320 331
312 338 323
443 340 378
506 263 294
425 439 481
429 408 388
304 270 278
447 506 480
252 244 153
250 195 220
151 153 139
32 39 54
190 187 168
459 456 471
389 392 402
419 427 432
378 380 373
354 352 366
259 313 279
382 377 337
391 387 417
410 390 492
397 501 457
379 280 315
422 499 483
376 306 312
329 271 267
241 181 180
119 50 12
126 43 39
144 251 215
245 150 169
279 270 299
256 266 302
408 390 416
350 350 312
379 368 323
332 372 336
431 386 422
295 289 271
264 264 302
342 299 306
445 428 473
456 453 492
317 287 285
354 352 325
372 376 314
477 456 410
194 253 136
200 217 142
235 223 171
221 162 227
108 111 112
436 434 405
321 320 355
457 461 468
436 431 422
488 469 483
273 281 289
355 372 333
277 355 297
300 318 353
485 480 428
280 285 347
381 379 309
485 492 416
450 456 385
138 134 202
239 148 211
0 117 61
90 83 10
81 88 2
437 424 505
364 356 316
315 298 377
439 392 480
359 320 450
454 492 340
420 437 263
388 392 484
352 356 303
413 407 420
469 462 505
266 280 301
479 495 452
348 324 379
277 273 302
410 385 426
440 436 384
288 301 277
509 447 423
491 487 434
305 267 321
467 476 510
495 500 493
346 345 330
295 295 267
296 300 271
388 386 424
268 310 285
501 449 489
403 389 407
302 316 290
320 333 336
268 286 258
403 424 398
296 303 266
63 50 27
88 90 121
111 104 69
150 225 174
147 162 215
272 481 320
326 338 304
498 503 387
270 264 379
372 372 300
309 312 377
295 295 277
257 257 303
382 375 338
508 498 483
400 400 418
496 508 441
480 482 415
323 326 268
446 445 401
322 350 377
377 381 357
343 337 323
279 273 303
461 453 482
490 482 453
465 472 503
494 508 477
492 411 420
362 279 303
476 418 409
394 499 459
390 482 474
468 440 400
395 484 462
331 320 273
331 340 262
301 296 382
268 265 335
269 371 339
455 454 420
255 380 349
446 419 408
422 427 392
420 417 383
438 428 396
440 418 384
390 398 427
259 269 305
493 499 471
281 263 298
315 295 262
504 484 447
476 455 494
439 443 412
378 377 352
322 334 339
309 312 298
443 421 425
258 278 282
431 383 400
262 277 318
332 345 269
460 448 396
384 504 453
433 438 408
397 393 401
373 359 357
431 434 445
416 445 432
376 375 365
396 393 411
477 480 462
447 510 462
478 477 461
282 283 269
504 510 492
401 403 408
334 332 375
426 424 445
351 357 354
363 365 356
340 342 344
285 283 265
338 336 342
268 268 262
374 374 380
283 284 274
387 388 398
400 402 414
443 417 402
469 470 448
438 437 440
346 343 327
446 415 432
384 411 397
349 320 335
359 356 367
445 439 425
494 495 468
494 479 386
444 446 406
424 430 426
401 399 410
255 261 274
259 263 292
434 436 392
373 363 347
343 341 357
364 359 320
420 416 387
347 353 319
263 268 271
480 486 452
453 460 484
337 339 369
415 414 443
502 503 466
363 369 331
307 306 272
367 362 381
463 490 457
472 482 448
438 398 425
476 467 504
432 440 404
384 391 433
339 377 275
374 328 310
464 498 400
437 403 501
496 466 432
378 344 314
381 347 317
452 486 388
311 281 375
466 496 402
369 339 305
420 390 484
410 380 346
477 507 413
338 368 274
330 360 266
460 493 398
461 494 391
494 459 428
272 309 342
434 401 500
505 476 443
424 394 488
475 313 283
264 490 456
466 304 274
357 390 471
393 426 455
449 480 389
390 421 450
