797394
270 334 347
430 478 445
344 280 394
396 396 300
226 81 82
13 157 110
19 227 80
188 60 77
192 128 146
31 239 189
311 423 409
508 409 263
400 293 390
294 486 372
272 304 434
285 492 270
357 277 276
395 284 267
485 309 406
474 410 487
265 281 346
345 361 378
420 340 419
485 308 390
494 414 396
453 336 435
499 355 373
463 370 432
366 475 333
470 406 293
327 394 472
508 396 363
368 288 495
305 273 368
369 273 322
485 453 288
380 380 314
417 257 479
464 352 431
497 273 450
280 504 439
356 436 324
353 388 481
303 335 497
107 26 41
122 250 8
81 49 211
161 64 195
216 152 206
169 9 235
449 369 320
319 434 290
431 454 342
384 353 353
387 498 338
354 450 498
502 278 408
302 397 296
488 408 280
295 391 263
368 289 288
346 506 362
495 351 480
389 294 323
408 264 282
291 483 261
285 366 302
362 265 265
321 336 334
321 260 486
489 409 471
396 380 478
304 401 498
495 368 293
507 315 380
482 427 364
476 284 402
453 390 287
328 343 471
508 491 331
488 455 365
370 257 336
268 478 315
442 387 483
28 19 2
163 162 84
149 107 90
41 122 91
126 127 143
184 201 186
297 440 270
444 331 505
382 285 508
426 411 428
403 372 501
493 493 423
418 497 463
440 359 280
299 443 444
445 429 461
508 267 492
339 449 388
419 261 357
332 265 442
330 408 429
287 310 373
257 292 390
505 345 391
375 471 345
401 433 287
285 456 478
289 386 287
416 256 450
310 406 435
303 287 448
340 260 422
266 407 440
290 402 320
338 338 401
453 437 358
349 429 510
406 323 276
417 288 431
360 263 473
23 96 129
75 108 62
243 192 49
85 66 19
19 211 81
241 97 119
296 488 394
498 466 356
374 358 372
359 295 345
447 415 481
318 475 493
481 305 402
510 462 445
498 498 335
501 501 371
279 503 344
414 398 429
416 464 256
375 410 439
288 336 335
338 354 305
427 427 493
467 419 422
369 369 373
469 453 449
6 215 226
57 121 74
99 179 80
187 235 89
31 47 188
28 12 43
471 295 427
379 363 456
341 438 340
501 485 448
243 147 167
207 62 26
38 118 3
2 82 16
246 214 167
199 183 197
146 50 144
231 151 26
244 196 3
140 83 72
475 443 430
362 394 488
449 449 431
471 423 458
294 485 340
375 438 261
393 425 318
487 455 346
467 323 433
480 277 326
457 313 472
359 311 347
338 401 261
287 319 268
304 368 265
502 438 282
294 262 476
288 368 299
386 482 430
423 318 459
207 127 123
252 91 184
44 127 152
48 225 71
233 46 237
158 94 250
421 357 289
354 257 317
499 388 416
413 363 287
54 230 35
87 39 227
245 197 86
18 34 134
83 83 22
410 410 439
456 408 364
503 350 283
429 312 457
439 366 491
442 359 408
476 460 397
501 437 451
483 467 501
304 304 501
493 429 425
310 439 299
420 473 301
272 415 422
356 417 320
301 381 393
448 496 449
336 405 404
361 473 333
371 406 426
305 276 389
461 408 393
285 296 345
284 395 345
400 336 354
177 193 30
66 178 179
209 82 195
228 84 130
116 212 166
87 215 196
478 350 330
428 299 472
255 320 306
461 412 459
125 252 30
231 135 42
240 113 170
178 18 69
28 243 118
377 330 462
443 396 494
333 380 491
418 338 287
393 296 295
356 356 294
337 257 255
370 463 433
377 281 471
432 272 338
435 323 453
267 283 413
347 379 449
263 327 489
381 269 348
277 341 338
310 278 449
473 425 446
342 358 379
449 481 277
426 379 270
441 505 429
454 438 371
455 392 362
472 439 394
127 126 142
246 199 244
140 107 57
17 177 179
155 203 201
223 108 221
280 328 410
445 333 510
466 498 290
369 321 433
119 135 199
11 251 104
38 150 166
40 120 171
253 110 206
329 456 280
460 364 490
280 328 378
403 371 465
274 434 367
326 422 422
461 381 477
400 448 368
419 467 435
436 355 420
417 481 497
361 458 458
259 371 435
386 306 433
370 386 353
333 462 443
356 468 469
430 269 268
411 315 314
423 503 488
277 501 262
53 85 4
178 178 18
132 148 20
250 10 138
125 29 205
181 149 228
249 233 105
97 158 33
171 171 171
158 158 113
406 390 470
456 504 264
273 353 476
263 263 295
55 39 119
15 15 111
207 223 143
114 98 50
2 242 66
431 319 495
475 475 315
304 304 304
453 453 453
459 459 459
391 391 391
385 385 385
188 188 188
103 103 103
156 156 156
215 215 215
52 52 52
24 24 24
315 315 315
488 488 488
390 390 390
280 280 280
285 381 365
337 305 289
290 322 338
352 256 272
10 106 122
161 193 209
35 67 83
1 97 113
246 214 198
362 330 346
506 474 458
403 435 387
256 288 272
490 266 282
322 418 434
469 309 293
282 506 266
429 333 445
42 202 58
217 57 201
44 12 28
172 140 156
199 231 247
321 353 369
390 422 406
362 330 346
417 385 401
393 361 409
436 340 324
399 367 351
44 12 60
73 105 89
10 42 26
187 155 171
222 254 238
142 174 190
300 332 316
474 442 426
382 350 366
395 427 443
329 361 377
470 502 486
344 376 360
397 366 413
134 103 150
223 62 207
200 41 216
124 157 108
8 233 249
325 422 438
464 303 287
306 465 290
268 491 284
402 369 386
503 280 487
403 372 387
476 508 492
352 320 368
295 327 343
451 419 435
339 307 291
414 510 494
465 433 417
459 427 443
472 456 424
445 429 461
496 448 416
346 330 362
438 422 390
386 370 338
193 209 241
187 171 139
134 150 182
247 231 199
79 95 127
84 68 100
306 290 258
463 447 479
286 270 302
385 369 337
307 499 419
430 366 318
300 492 444
290 482 434
88 152 200
174 110 62
26 218 234
124 60 236
131 195 19
490 426 378
501 437 357
397 461 317
424 488 312
358 294 278
327 390 470
255 462 446
480 285 365
432 365 317
269 432 384
378 451 499
387 467 266
294 374 423
385 497 268
294 374 423
402 290 274
384 336 256
467 291 339
310 486 438
336 384 464
439 487 311
221 141 93
145 64 16
226 99 83
124 253 173
95 222 142
36 165 149
407 280 296
470 341 357
274 401 417
462 334 413
329 457 282
326 454 309
272 400 319
290 418 369
137 9 248
51 179 98
107 235 58
157 29 204
173 45 13
373 501 469
444 316 284
431 303 464
464 384 335
328 280 455
478 430 349
508 396 379
292 340 419
358 469 485
269 462 414
475 411 331
283 347 395
402 338 354
435 371 323
322 386 434
355 419 403
271 463 479
119 55 231
249 57 9
223 31 47
60 252 204
221 29 45
218 154 74
226 34 114
219 27 75
29 221 237
135 71 119
357 293 501
416 480 304
279 343 423
373 309 485
372 451 499
447 368 320
400 287 271
278 421 405
253 76 124
143 94 14
250 43 123
189 12 60
80 0 209
479 399 352
341 261 470
349 269 478
273 321 402
367 447 495
305 385 433
339 483 467
353 465 401
430 510 318
415 495 303
333 444 508
476 428 365
310 486 422
488 440 376
261 470 406
480 335 271
393 314 378
250 170 107
12 220 156
54 102 166
125 170 234
165 114 50
480 341 405
505 441 361
483 291 275
268 332 411
488 295 343
348 268 476
325 501 453
346 426 474
285 429 413
398 478 267
310 358 435
326 403 451
489 344 360
488 328 328
484 260 260
438 470 470
365 269 269
385 449 465
267 331 444
389 326 342
285 478 494
469 278 262
339 404 484
504 311 327
478 285 365
310 501 485
385 322 338
326 389 501
378 441 457
427 364 284
444 379 267
487 296 312
485 294 310
368 431 415
308 499 483
180 117 101
35 226 242
101 164 212
135 70 54
105 168 216
350 413 493
484 291 339
424 359 375
446 381 365
397 334 350
350 413 397
466 273 257
466 402 386
340 276 292
357 469 405
345 265 489
369 289 384
322 402 498
487 376 408
432 287 319
374 390 293
271 415 447
470 287 415
278 479 351
281 396 268
423 318 446
344 493 349
311 391 318
445 301 440
437 262 390
434 353 465
307 452 404
351 335 384
280 360 439
395 507 316
383 399 336
355 371 404
318 461 493
310 326 358
479 479 447
24 24 24
222 222 222
66 66 66
160 160 128
155 155 187
415 431 463
476 460 412
257 273 305
334 366 382
267 299 508
323 420 371
448 287 400
337 337 369
397 397 429
298 266 314
495 272 447
465 290 481
434 450 386
434 355 418
364 457 300
455 366 366
447 303 482
439 341 405
448 271 326
448 333 491
371 354 304
451 483 356
318 446 317
476 476 318
470 406 256
321 412 475
366 350 429
509 360 263
323 434 273
380 434 433
467 469 319
387 371 257
485 272 310
375 344 298
398 382 429
105 56 9
3 130 83
216 168 200
0 96 208
62 14 158
337 402 433
258 449 303
402 273 322
437 310 325
270 494 283
425 265 311
226 82 39
83 227 102
204 171 126
16 128 162
155 42 184
82 131 33
386 305 399
420 484 501
373 309 260
351 287 447
484 291 260
480 271 352
258 306 386
410 474 314
274 338 367
368 272 305
492 267 300
440 328 343
274 483 482
387 378 361
354 387 420
417 292 468
385 353 418
355 291 451
357 405 486
310 454 341
299 506 442
267 347 410
364 265 281
246 49 1
33 243 51
7 32 1
74 237 108
19 83 97
430 302 444
492 265 334
415 271 481
328 376 350
352 429 495
404 273 483
203 74 154
213 152 232
150 131 99
219 61 188
212 132 6
138 173 184
379 346 414
373 336 323
385 452 415
409 332 455
329 492 327
368 421 290
261 437 339
493 445 347
405 293 310
387 483 486
299 267 493
482 339 369
493 408 363
311 344 442
397 334 476
307 275 358
449 465 369
433 353 449
455 295 391
262 389 339
405 278 404
303 320 399
463 352 367
447 304 303
440 263 312
282 457 474
334 413 414
472 472 280
434 434 370
418 465 466
438 483 502
325 453 309
353 482 273
464 415 432
231 118 103
35 51 18
254 222 237
138 170 90
7 87 135
29 93 189
310 374 339
299 395 430
260 420 389
467 323 326
298 442 439
301 397 428
338 498 463
288 384 320
418 258 450
379 411 315
447 415 258
403 291 435
290 386 354
412 283 460
379 427 398
320 351 368
290 321 306
297 425 444
262 262 319
365 336 464
394 377 488
322 468 372
491 282 441
458 299 268
388 468 483
472 328 375
293 320 470
335 399 304
388 499 324
441 314 361
319 448 431
436 292 499
333 478 397
314 505 442
16 208 147
153 42 41
230 150 149
81 49 2
69 37 246
26 58 233
311 359 442
440 488 345
454 326 275
468 341 484
411 382 395
346 298 439
430 510 398
382 478 443
458 426 266
369 321 465
409 489 376
501 453 340
270 507 366
419 467 326
344 264 440
351 434 287
428 476 365
383 479 431
334 302 411
379 379 347
449 465 256
300 348 461
459 366 427
453 356 261
391 298 359
418 319 258
270 427 366
445 284 477
441 280 313
452 420 357
114 210 145
47 175 156
85 213 166
201 74 153
12 143 220
60 191 236
117 245 69
31 252 95
91 248 155
34 193 98
386 290 319
376 472 441
429 509 333
493 348 509
340 260 420
312 344 504
275 438 499
364 461 300
376 280 440
385 289 320
317 476 413
496 337 400
313 265 441
296 312 393
257 273 465
365 381 396
327 327 455
353 321 401
395 427 379
472 408 425
419 483 470
291 467 502
259 403 374
493 349 396
266 442 487
324 500 485
492 445 332
384 336 335
420 291 468
448 400 320
134 166 247
27 248 171
139 235 24
105 121 249
1 17 145
291 467 387
309 453 405
323 307 404
372 324 292
260 308 469
416 400 369
330 314 423
268 477 428
402 306 498
328 489 392
465 481 385
269 285 444
317 269 397
374 342 486
312 376 343
370 431 418
383 322 335
503 423 490
294 502 339
471 423 458
304 432 257
272 401 448
389 308 470
416 304 303
263 423 392
260 388 467
470 277 438
259 340 452
279 328 456
258 353 274
360 488 312
386 482 289
433 497 482
406 470 453
315 363 477
47 239 28
28 252 95
76 172 15
84 52 151
74 170 121
338 258 432
331 283 300
397 477 270
300 507 268
449 401 481
473 425 314
272 416 288
319 431 303
318 334 461
447 319 304
466 353 498
482 434 257
509 268 413
485 276 389
305 257 497
292 452 276
403 419 467
255 303 464
361 441 265
458 442 329
335 303 496
498 337 402
277 437 470
366 270 430
282 410 362
274 402 290
397 269 350
327 455 408
323 419 484
422 261 454
344 504 471
319 415 448
441 505 458
299 363 412
388 340 419
82 98 83
180 103 181
170 154 169
27 107 40
137 90 152
391 455 472
458 394 409
312 376 359
497 305 290
326 422 405
337 433 450
408 408 279
284 284 411
346 346 474
258 258 386
418 434 306
471 439 328
278 294 421
295 327 440
385 497 370
337 418 289
447 495 367
396 444 316
357 373 501
463 447 319
291 500 387
480 464 320
344 391 504
459 284 363
387 340 451
490 442 297
486 341 502
382 493 382
368 447 352
339 291 323
288 336 304
436 484 388
344 376 264
295 327 503
448 464 304
1 49 209
127 15 175
78 94 254
23 7 183
21 101 181
257 257 386
492 492 364
508 508 347
471 471 311
467 467 340
320 320 447
426 410 378
403 387 291
360 376 424
369 386 305
510 494 446
500 484 307
408 424 472
483 499 291
422 502 358
272 320 464
419 403 355
279 456 343
310 453 342
345 394 505
460 283 364
496 448 335
403 451 308
462 510 365
360 439 264
320 399 288
364 284 395
373 325 469
414 430 286
318 270 445
285 462 413
285 462 413
510 302 381
364 332 283
296 296 487
133 229 180
70 150 7
149 69 212
142 254 110
253 253 124
438 422 358
482 498 290
308 324 500
470 438 486
320 495 352
260 467 292
301 430 285
281 409 458
98 226 211
151 231 230
33 226 112
111 255 30
47 40 61
173 109 72
495 495 465
388 308 355
316 332 492
383 351 351
420 468 500
438 422 486
349 397 509
401 354 306
397 429 350
298 457 282
386 369 257
259 388 484
333 318 510
286 430 350
313 265 490
478 414 430
363 379 347
446 510 302
505 489 361
295 455 408
274 322 497
375 295 503
275 355 259
507 347 411
267 507 283
301 381 269
486 309 278
319 367 274
384 285 414
472 298 378
422 484 420
500 421 326
316 363 267
500 452 371
234 250 42
156 236 172
43 91 27
166 150 166
37 69 5
230 246 86
255 271 415
352 352 480
385 465 321
475 475 283
363 267 507
306 338 418
498 402 322
504 279 328
266 266 426
473 489 410
440 327 471
379 427 284
375 423 487
27 170 106
247 38 118
222 15 95
211 18 34
29 220 172
246 198 6
504 488 424
262 326 405
314 505 393
502 309 261
295 487 439
467 451 435
461 477 366
346 298 506
345 297 505
498 258 338
453 501 309
386 402 434
467 483 259
351 415 335
432 368 384
22 198 6
143 175 159
70 86 6
226 210 34
108 28 188
43 91 250
433 433 306
476 476 347
492 283 395
352 399 255
295 472 328
301 381 462
364 316 460
276 292 436
416 464 256
331 347 491
398 381 478
274 258 354
257 273 465
237 253 61
142 78 30
145 209 33
74 10 219
144 81 97
78 30 206
426 506 298
368 431 479
273 466 482
384 496 304
335 287 479
499 387 307
370 354 434
483 387 307
443 475 395
319 335 383
388 404 452
485 501 309
331 347 283
297 361 345
482 289 369
202 27 75
106 26 234
5 181 133
11 91 139
215 151 71
248 200 8
283 299 475
295 279 487
374 342 422
458 490 282
348 364 444
384 400 288
413 397 509
385 401 289
463 479 303
505 265 345
327 343 487
305 257 465
483 275 323
75 91 235
61 77 157
206 222 174
21 5 181
35 19 67
143 126 46
328 439 487
430 414 366
301 349 493
469 485 405
295 311 359
498 450 434
496 480 432
502 454 422
411 395 491
283 363 491
383 431 303
142 158 31
203 219 90
248 25 104
71 103 183
191 223 15
13 236 157
25 9 137
154 138 10
201 249 25
161 209 113
440 424 264
437 421 453
316 300 491
333 317 510
342 358 422
364 348 412
382 366 398
376 392 424
282 266 398
442 426 423
498 450 289
422 502 389
341 277 262
239 175 216
199 23 198
73 89 152
70 214 215
138 26 232
63 126 220
323 290 401
496 287 273
399 383 413
465 354 352
415 287 373
450 303 292
418 498 288
266 378 312
449 289 367
272 496 461
442 378 341
111 255 173
180 99 130
97 193 194
80 177 182
177 32 102
323 506 488
358 406 484
383 319 305
274 370 255
345 473 327
324 484 278
282 394 472
510 494 349
303 415 400
325 358 447
288 496 435
292 435 490
445 302 295
386 290 335
81 145 98
221 253 75
91 91 185
110 62 44
180 132 197
220 172 45
11 75 169
5 69 177
180 83 119
139 251 110
342 453 385
457 360 348
256 384 315
344 429 255
265 313 402
461 269 486
382 494 352
322 482 501
435 483 325
376 376 409
477 461 460
70 213 68
112 19 98
159 47 45
69 226 17
20 151 194
444 493 425
485 358 420
338 416 256
451 425 425
269 460 267
285 430 411
405 323 340
402 481 497
281 372 438
327 391 268
312 409 350
406 485 288
337 466 267
387 355 495
173 74 46
166 198 171
47 63 18
87 119 114
97 129 53
498 418 411
452 275 455
290 447 278
375 360 374
416 463 370
300 379 366
356 293 469
499 324 372
497 292 372
492 409 345
369 417 290
469 358 431
287 335 468
405 276 322
449 450 399
386 352 384
108 79 193
189 140 72
235 204 207
241 35 165
4 53 23
279 312 441
363 397 494
450 427 267
378 297 474
404 419 292
354 434 444
461 430 409
364 361 327
474 300 459
298 484 371
354 369 315
312 265 259
398 461 424
476 509 509
21 20 244
108 123 251
193 49 226
219 168 201
70 182 132
353 321 467
339 355 436
372 260 358
306 306 288
502 262 340
443 443 376
502 486 356
271 255 452
321 273 421
365 317 425
350 334 427
491 507 446
447 495 386
283 426 264
419 292 422
494 350 491
239 252 141
249 202 123
35 34 50
107 26 170
186 10 168
288 369 418
277 485 483
448 320 371
345 441 494
465 433 323
332 507 333
350 302 443
477 477 403
373 357 315
510 366 425
363 507 441
361 441 310
407 295 387
503 330 373
225 65 12
192 96 132
240 208 37
180 148 171
242 99 52
271 416 433
417 258 287
390 438 436
374 387 324
330 391 344
503 298 473
394 394 456
303 287 354
371 291 415
418 370 509
443 427 488
391 439 462
416 325 324
452 339 480
349 509 273
367 335 259
156 188 30
178 130 113
84 36 103
146 66 224
198 102 7
361 473 407
490 458 445
341 357 452
324 500 437
418 321 288
291 323 421
467 358 309
336 303 320
320 317 480
369 289 451
466 321 478
403 402 415
291 266 295
401 303 421
233 200 13
5 38 80
194 49 240
75 203 250
117 5 10
323 307 373
350 414 460
475 427 413
436 356 410
500 436 482
410 490 489
437 256 389
479 400 272
346 458 451
357 448 319
367 335 494
468 420 387
381 349 366
421 501 356
458 283 331
440 472 472
419 458 323
335 463 495
357 261 406
421 328 420
427 507 502
318 510 346
430 478 264
377 426 483
374 358 372
344 344 441
324 356 497
461 264 507
475 395 381
322 354 337
304 400 496
302 459 459
491 380 333
302 395 300
433 256 255
58 170 155
200 9 171
167 215 197
147 0 112
182 54 39
296 439 312
417 353 369
451 499 388
481 481 319
305 273 288
325 261 340
419 354 310
454 406 468
268 268 365
367 367 274
510 462 428
473 489 391
428 428 365
377 410 264
377 456 503
459 363 366
434 386 464
321 337 463
486 470 484
435 419 385
257 353 467
497 449 367
503 455 317
478 446 381
497 465 338
331 363 316
340 356 467
291 355 277
402 322 271
495 479 321
466 386 257
328 472 266
350 509 311
444 457 375
364 489 504
484 340 309
378 346 366
268 284 423
294 262 273
473 265 391
360 477 503
386 369 354
349 349 381
337 353 385
454 470 374
479 479 351
259 259 452
337 337 498
367 351 463
459 459 459
454 470 406
274 290 354
473 361 457
433 449 305
474 282 297
371 355 484
328 424 505
351 450 288
340 452 275
319 464 258
345 361 439
507 475 425
435 292 277
493 428 427
402 255 365
438 486 496
270 462 508
442 474 280
382 414 507
362 490 409
451 358 420
429 509 284
262 278 307
360 393 329
309 309 502
301 269 494
486 294 403
392 456 378
419 355 500
268 460 379
327 263 441
331 411 284
347 283 508
496 432 498
306 290 256
378 362 360
440 392 414
263 311 285
452 468 399
361 265 264
349 301 395
384 479 257
488 440 503
270 461 510
318 459 301
325 500 502
372 483 326
503 279 284
302 446 363
256 336 418
298 330 428
267 475 477
472 328 266
468 259 422
462 287 336
392 413 365
339 346 499
379 395 427
350 509 439
371 307 466
297 329 266
343 426 279
309 437 357
267 443 315
397 317 478
470 261 344
283 507 381
362 490 441
444 395 283
268 459 462
481 372 454
263 440 475
330 298 296
265 425 327
502 358 341
335 495 434
508 299 427
312 392 487
286 383 337
504 357 308
289 496 447
396 381 493
443 347 298
289 304 384
417 420 436
414 413 413
372 404 419
377 328 279
428 393 330
495 288 465
487 462 349
501 309 308
462 334 497
448 319 292
353 290 320
271 320 358
469 288 479
273 305 387
407 503 295
379 475 444
296 376 456
255 335 386
