1189581
270 382 268
304 272 449
338 370 495
503 423 348
136 88 111
21 21 176
187 171 46
145 129 130
37 85 54
69 101 198
323 275 480
480 464 338
265 265 423
470 454 500
482 482 289
469 469 374
300 284 459
289 464 255
475 286 493
495 479 306
446 349 383
460 444 424
376 296 442
508 381 462
365 397 456
275 436 372
440 457 474
506 265 456
285 509 427
327 503 440
300 363 266
259 372 434
501 293 287
416 288 358
440 313 395
343 423 332
306 433 495
382 319 368
500 409 426
338 339 324
438 437 452
271 274 260
352 357 420
487 494 476
66 51 69
138 43 93
208 67 125
194 50 52
230 102 240
218 8 168
473 410 266
422 415 273
331 378 376
268 412 430
383 255 325
435 307 422
484 276 274
467 434 465
390 320 400
492 457 330
361 376 270
480 289 331
316 441 362
455 327 375
341 469 262
262 454 423
277 294 275
318 375 376
282 475 412
301 328 503
287 399 294
354 498 323
472 344 397
405 320 256
468 353 289
472 488 344
439 359 311
297 313 506
423 439 375
472 456 488
497 481 260
353 401 465
363 347 283
297 345 412
93 45 234
128 240 208
242 226 5
236 12 252
92 92 92
85 85 53
376 376 344
354 354 385
475 475 443
256 368 431
351 367 432
487 503 312
397 413 350
443 443 411
334 334 334
259 259 259
347 347 347
482 498 275
298 314 346
279 263 359
503 487 455
346 409 425
385 449 497
259 451 435
505 313 361
367 383 447
491 443 379
360 441 505
491 443 379
360 473 313
305 417 258
313 426 266
371 259 419
407 295 430
355 499 370
482 369 497
315 428 300
267 412 268
287 399 294
411 267 410
128 119 135
46 89 9
113 225 80
68 212 37
84 228 53
223 79 254
324 500 291
426 282 457
394 505 425
394 505 425
478 334 509
341 469 262
388 259 339
403 276 324
299 428 476
363 492 284
262 390 502
287 415 370
480 353 273
485 276 340
401 320 256
502 259 371
364 445 493
337 289 465
370 290 498
262 374 390
66 18 194
147 32 16
176 99 51
212 7 87
93 174 222
8 251 139
386 335 255
379 430 510
311 490 442
502 259 371
93 174 222
144 67 19
9 218 138
43 248 168
59 200 184
244 39 119
198 117 69
53 101 181
173 221 45
7 119 135
351 303 479
401 320 272
383 370 258
365 412 492
296 505 425
500 325 373
483 342 358
309 357 437
260 340 388
320 256 464
342 406 422
294 358 438
309 373 421
506 442 330
319 255 495
490 426 378
341 405 453
324 388 500
360 296 280
361 297 313
243 179 163
120 56 8
31 95 79
184 120 72
3 195 243
71 135 183
477 285 301
260 324 436
397 461 477
311 506 490
126 189 173
96 112 80
107 123 91
82 66 34
81 97 1
430 398 446
296 455 471
340 372 356
311 474 295
302 334 318
365 398 349
260 356 308
341 373 293
461 461 429
276 276 308
427 427 332
457 457 298
445 445 413
446 446 414
274 274 370
340 340 372
362 346 442
470 454 422
486 470 438
485 501 469
263 502 438
399 383 334
402 418 363
499 483 298
499 483 298
161 177 126
214 198 9
146 130 77
199 215 24
199 215 24
146 130 77
404 484 297
404 484 297
422 438 502
283 267 331
227 243 179
50 242 130
137 73 57
1 193 177
155 91 11
273 465 481
507 315 267
370 306 482
336 272 448
369 305 449
456 392 376
457 393 345
487 423 375
337 273 289
413 477 493
352 288 272
262 326 374
277 261 325
292 308 372
307 291 355
264 503 439
467 292 356
298 473 409
468 452 259
434 418 353
386 434 369
364 348 411
266 314 505
401 417 354
499 451 260
214 230 39
41 25 216
57 41 232
242 130 67
107 27 218
149 133 197
404 388 452
318 302 366
315 267 331
360 344 280
135 183 247
195 243 179
105 89 25
225 209 145
165 149 213
436 420 484
376 360 296
449 465 401
346 330 266
286 270 302
406 390 422
389 405 437
406 390 422
450 498 402
360 344 312
285 301 333
375 327 295
480 464 432
270 318 350
435 387 483
435 387 483
345 361 265
330 378 282
285 301 333
315 267 363
301 301 333
46 46 78
12 12 108
72 72 40
72 72 40
243 243 147
29 29 125
209 209 177
46 46 78
208 208 176
13 13 109
377 377 281
377 377 281
317 317 349
282 282 314
215 215 247
146 146 178
131 131 163
199 199 231
199 199 231
401 401 433
451 451 292
417 417 322
383 383 352
488 488 456
473 473 505
262 262 294
173 173 141
232 232 200
172 172 140
39 39 71
65 65 33
219 219 251
351 351 319
444 444 412
307 307 275
503 503 471
367 367 335
398 398 430
428 428 396
503 503 471
67 67 99
58 58 219
231 231 6
196 196 37
56 56 24
379 379 347
334 334 366
470 470 502
343 343 311
328 328 296
422 422 454
415 415 383
379 379 347
454 454 486
108 108 76
78 78 110
10 10 42
177 177 145
177 177 145
379 379 347
386 386 418
334 334 366
416 416 384
401 401 433
454 454 486
379 379 347
146 146 178
179 179 82
59 59 218
128 128 97
110 110 143
173 173 141
352 352 320
367 367 335
321 321 353
487 487 455
444 444 412
278 278 310
261 261 293
291 291 259
172 172 140
114 114 18
201 201 169
235 235 139
98 98 2
319 319 287
446 446 478
276 276 372
455 455 423
455 455 423
293 293 325
455 455 423
341 341 373
356 356 324
477 477 509
477 477 509
258 258 290
440 440 408
508 508 476
393 393 425
373 373 405
256 256 480
460 460 300
509 509 285
391 391 359
289 289 449
195 195 227
165 165 133
211 211 243
224 224 192
167 167 199
107 107 11
343 343 311
422 422 454
437 437 469
377 377 281
302 302 334
302 302 334
268 268 364
498 498 402
72 72 40
47 47 79
28 28 124
166 166 198
226 226 130
498 498 402
327 327 295
384 416 400
347 379 331
279 311 263
383 415 382
381 381 400
381 381 400
399 399 382
280 280 501
334 334 366
284 284 316
415 415 383
337 337 369
303 271 447
498 466 386
497 401 449
333 432 349
509 400 493
364 459 348
303 416 287
55 128 192
232 248 184
116 84 37
32 96 19
196 69 183
254 14 93
296 407 424
483 403 406
430 302 427
376 455 362
388 419 374
466 433 502
422 485 306
358 387 289
47 12 202
230 181 242
147 36 176
196 229 39
212 245 151
506 409 279
276 404 261
276 404 277
408 376 425
295 472 266
454 271 469
275 355 497
370 434 321
400 271 401
380 475 397
472 391 489
394 378 407
255 383 258
295 375 310
403 355 372
414 446 365
452 452 356
201 41 122
53 245 230
126 255 13
75 40 122
8 249 251
27 172 218
103 151 68
96 176 3
220 156 46
129 32 195
315 476 317
294 422 468
355 435 341
435 452 405
445 504 411
402 497 276
389 325 499
377 396 411
150 17 33
236 124 243
201 56 255
168 8 44
66 146 245
299 334 263
404 483 336
423 457 316
430 400 503
282 436 363
444 289 362
271 432 374
368 287 438
358 469 319
477 302 312
377 328 365
330 396 263
280 458 478
397 460 280
509 460 439
415 466 317
364 428 299
128 192 49
42 251 168
86 69 36
186 148 123
15 193 254
408 391 359
261 438 470
322 274 257
369 401 304
459 443 430
414 350 331
331 267 318
326 342 436
472 392 346
360 264 473
394 266 441
481 418 353
496 305 288
342 294 259
262 323 421
423 327 506
370 273 399
264 439 297
312 376 455
479 304 386
315 332 491
390 485 374
490 425 295
353 258 368
330 441 295
451 340 486
487 408 490
479 399 464
378 313 393
353 371 322
367 406 293
421 479 399
463 431 434
257 305 340
295 280 393
211 165 85
162 16 3
65 212 211
123 204 220
81 167 39
420 483 378
409 364 316
426 499 425
276 465 371
400 304 449
466 303 354
326 358 467
390 355 326
505 313 456
273 321 351
352 464 310
301 440 398
291 403 308
501 437 422
408 504 279
390 293 262
448 287 320
284 507 444
257 433 369
353 401 369
339 275 486
397 269 444
293 358 388
285 348 477
407 295 442
388 291 453
329 506 280
349 494 412
339 339 277
339 323 309
325 469 291
489 394 359
367 319 433
499 419 441
274 386 496
239 191 108
25 200 63
152 121 150
222 105 40
215 55 165
508 444 334
392 280 423
356 452 325
331 414 491
410 282 426
467 387 291
328 360 280
484 404 260
348 284 299
414 286 365
319 290 304
471 442 408
505 442 375
336 303 482
396 507 461
309 421 342
271 319 256
372 308 291
447 258 303
387 326 371
483 419 339
326 262 275
289 337 274
508 332 491
369 497 354
485 356 470
481 352 466
421 374 388
280 280 409
385 353 495
353 321 495
358 342 388
408 424 330
463 415 384
445 429 462
155 139 105
24 40 25
43 27 42
22 230 23
213 149 132
353 417 386
270 477 398
263 343 455
326 278 387
461 413 270
336 384 495
65 113 192
217 25 56
40 104 152
203 11 56
77 13 30
31 254 92
459 331 445
382 493 412
388 497 374
315 386 270
297 476 487
314 423 425
508 444 347
289 369 482
390 293 454
426 458 265
393 457 298
322 386 401
375 410 439
256 352 321
407 503 298
479 258 335
507 395 380
390 293 486
433 306 353
437 310 261
491 315 316
478 302 381
509 365 414
126 221 111
58 59 233
174 79 205
253 29 95
243 160 66
268 413 331
364 284 331
489 473 474
337 369 434
299 363 507
410 329 265
7 87 134
182 166 230
43 27 251
117 37 180
135 54 167
241 0 113
373 325 342
467 435 372
494 477 508
499 500 485
329 296 506
389 276 262
381 494 508
296 265 455
308 405 323
301 382 283
265 346 312
460 411 509
302 446 329
423 423 330
479 306 352
339 259 342
284 316 476
450 450 354
361 265 330
327 263 376
261 293 486
275 275 468
301 462 429
481 258 353
447 256 287
442 442 505
397 284 412
343 423 344
351 271 432
477 270 382
380 268 412
456 312 472
409 313 313
489 265 297
66 194 34
130 19 34
104 233 248
215 86 39
77 204 189
120 249 8
385 354 289
331 410 444
346 407 284
276 341 323
280 439 408
278 390 374
472 296 472
472 312 504
308 371 468
353 449 273
273 433 402
312 457 440
382 429 494
498 401 258
460 332 475
337 401 290
492 508 459
293 485 374
439 279 457
464 335 450
432 400 322
426 394 508
417 369 411
311 359 361
410 473 281
365 492 283
427 319 317
295 475 505
270 424 392
391 265 330
269 268 283
483 323 294
445 317 493
367 306 367
253 173 156
207 223 254
189 29 221
126 78 206
29 157 237
1 96 64
418 338 306
272 304 383
256 272 399
290 306 433
487 279 407
497 449 321
424 472 408
431 447 319
412 428 299
422 406 278
323 371 500
435 324 451
470 454 326
343 359 487
284 316 492
486 454 374
451 483 388
349 301 318
440 392 409
431 447 432
501 421 486
256 336 271
259 451 468
503 311 296
279 327 407
284 300 444
297 281 489
308 468 356
296 344 488
312 296 504
78 94 190
170 186 11
240 224 144
54 70 102
99 99 51
29 13 141
158 142 15
74 187 42
107 154 11
46 30 142
285 269 381
406 454 278
485 309 357
397 445 493
501 485 341
489 473 425
493 445 493
275 483 371
278 486 374
262 470 358
422 422 294
301 301 429
469 293 357
298 410 345
506 426 377
345 281 297
466 402 322
392 375 311
460 476 267
456 504 392
366 382 446
299 283 347
488 472 408
333 413 461
400 400 272
464 448 320
476 492 363
274 322 497
375 410 439
283 462 364
132 245 23
101 53 39
210 161 230
143 98 211
161 6 102
455 266 282
325 403 307
344 488 359
307 388 308
433 289 322
382 446 301
407 328 472
284 332 508
358 437 261
324 324 451
311 311 439
298 282 506
499 387 291
266 378 474
327 343 503
365 381 509
381 333 461
271 255 384
481 497 369
486 486 374
258 258 417
358 374 501
450 305 402
299 315 347
437 389 485
344 328 488
267 315 331
403 324 467
301 462 365
375 472 311
507 347 284
437 374 341
255 287 320
326 374 371
473 425 440
180 212 213
122 42 219
117 53 68
246 150 55
80 240 51
360 391 457
466 271 417
443 331 476
400 400 271
431 383 336
427 411 460
319 303 256
481 321 418
415 255 258
302 350 347
496 352 257
264 392 441
298 474 391
399 319 258
484 308 406
473 314 391
465 257 319
501 422 420
367 496 434
432 272 274
495 351 433
473 314 391
479 303 401
299 427 285
435 419 358
368 400 338
438 357 500
378 330 375
460 508 445
462 270 332
359 392 458
276 259 262
421 294 387
260 485 406
276 372 309
135 231 166
223 124 61
1 242 243
103 148 197
155 120 201
507 459 477
318 366 284
501 501 307
327 478 361
403 468 390
370 341 341
467 493 269
504 285 476
330 456 424
405 357 454
457 313 441
313 361 409
408 408 279
274 481 353
372 325 454
323 342 421
320 417 305
391 298 361
505 409 440
350 382 333
445 477 462
392 359 391
311 487 504
492 285 302
294 374 420
360 504 503
392 265 346
310 403 339
282 359 376
329 473 263
454 262 307
446 430 442
277 293 370
389 309 323
410 361 471
114 50 193
163 115 97
95 47 238
95 15 254
145 193 16
441 393 442
498 287 369
423 407 457
368 320 434
500 436 454
368 432 255
256 320 338
355 291 340
310 294 292
321 386 307
467 307 469
469 293 374
358 262 481
507 491 456
309 277 288
462 318 377
272 448 469
483 308 464
472 440 348
428 284 440
340 484 357
499 259 357
406 262 416
333 445 296
366 301 480
433 322 352
412 329 343
336 389 438
491 459 266
385 352 482
467 355 485
393 329 380
488 392 493
308 372 374
364 492 510
172 239 104
115 114 80
3 181 244
207 9 185
6 52 229
397 315 316
379 492 383
469 437 393
374 342 306
404 420 374
480 336 497
255 416 390
508 396 263
141 221 78
144 144 178
251 235 25
13 13 236
201 233 136
50 82 1
348 364 429
389 501 292
400 336 255
421 277 374
407 286 315
285 493 425
324 467 466
383 271 323
399 466 289
368 373 451
502 435 282
452 297 466
426 295 272
347 430 455
285 460 510
418 482 289
365 285 510
361 458 392
279 311 408
379 427 476
392 361 442
328 472 391
449 433 306
288 385 306
362 298 408
345 345 381
506 506 502
469 453 340
419 435 357
464 448 306
370 338 326
277 357 417
468 468 496
358 374 322
237 173 153
111 143 154
130 211 17
6 215 85
232 185 124
81 50 37
497 386 336
282 507 365
428 457 439
425 328 510
282 329 279
461 432 434
382 343 265
436 499 432
377 409 408
395 345 375
300 491 361
309 358 372
505 299 317
93 107 104
5 250 203
45 126 96
180 151 192
9 249 77
60 172 255
420 483 319
338 402 311
406 259 327
266 505 501
436 500 289
381 301 396
446 494 282
478 317 459
340 497 431
395 300 477
351 336 422
346 409 299
423 440 307
282 355 463
392 407 462
124 251 170
230 198 179
122 74 217
68 181 119
0 145 103
116 151 128
455 350 491
506 442 391
402 386 255
334 382 458
331 395 510
388 292 342
324 417 399
280 392 348
384 256 306
433 305 276
314 442 504
329 490 488
343 504 502
9 185 223
149 101 224
123 12 158
50 3 53
5 18 240
71 38 69
416 401 363
473 490 487
319 415 415
420 361 361
472 328 293
400 464 418
312 312 278
400 400 478
303 464 288
374 326 341
355 404 390
291 482 400
331 491 457
457 346 360
395 458 328
21 82 83
245 5 214
210 178 178
248 152 152
204 108 108
170 10 10
335 271 479
504 440 424
288 272 496
409 345 361
303 495 447
356 420 404
409 345 361
505 345 345
395 299 299
353 449 449
367 255 495
363 478 494
500 325 373
131 80 0
131 80 0
151 20 116
30 157 253
72 203 235
149 22 70
387 262 342
448 321 369
478 350 395
287 415 370
462 427 395
459 363 398
426 266 487
407 311 474
307 467 499
336 496 400
505 345 313
228 133 165
197 100 132
58 155 123
144 49 209
43 138 106
246 87 183
8 169 73
210 51 19
211 50 18
133 36 68
327 488 392
424 455 487
462 445 493
407 295 504
305 385 338
441 265 474
407 295 504
461 349 494
407 295 504
493 381 398
337 417 370
337 417 370
474 330 505
159 15 190
173 93 140
50 130 83
3 114 34
12 157 237
107 218 138
478 429 493
274 353 289
357 469 278
474 298 489
430 382 413
354 434 337
444 332 427
413 333 494
355 276 372
447 368 464
283 460 300
227 50 210
61 204 12
78 63 127
161 240 176
244 165 229
296 327 359
396 268 316
335 463 479
353 481 433
352 480 400
255 383 338
461 333 412
361 488 440
313 440 408
366 491 459
415 274 290
473 425 345
488 408 360
446 494 318
101 149 229
60 76 189
221 13 93
118 198 246
118 214 214
181 213 213
90 26 42
31 95 79
91 27 107
205 13 29
389 453 437
426 362 378
326 390 438
275 339 419
337 305 305
386 287 287
279 458 410
435 483 310
427 299 379
488 360 280
432 303 447
240 113 33
215 6 86
159 47 31
206 126 78
29 109 158
431 370 354
352 288 272
477 285 301
286 350 334
283 379 363
379 347 331
264 487 503
368 336 352
395 507 380
326 342 469
440 392 488
475 475 507
408 440 392
272 304 256
34 50 18
238 254 190
115 3 130
19 51 130
102 182 231
456 440 327
386 369 482
267 347 283
470 277 261
463 383 272
401 497 258
509 302 478
432 304 448
377 489 456
477 301 461
493 301 317
493 509 285
257 257 385
471 503 408
313 490 508
479 495 401
125 125 31
218 11 91
78 14 30
97 33 210
159 104 200
306 385 289
259 438 294
501 404 484
376 345 361
268 509 461
486 421 356
400 480 342
369 401 352
453 421 387
314 409 471
440 296 314
266 346 344
441 425 423
291 406 325
184 15 110
111 72 216
34 13 13
100 135 55
50 146 156
298 362 285
293 470 385
320 383 404
350 494 412
300 460 395
394 331 299
302 493 493
282 407 328
414 382 376
377 425 455
404 500 310
362 506 344
362 442 396
438 319 292
470 486 419
437 485 483
12 188 30
31 104 121
237 234 27
74 91 124
57 216 174
467 292 434
286 462 359
324 435 358
467 451 262
390 502 400
493 413 427
478 478 443
507 507 380
456 285 446
427 475 461
358 405 435
292 372 326
405 485 499
258 274 256
134 246 148
222 222 188
222 206 124
180 132 229
153 137 234
419 419 355
395 427 380
454 422 405
296 360 392
456 504 391
293 469 340
279 263 292
374 326 287
291 275 286
329 393 493
454 374 323
313 409 446
407 455 332
421 501 374
335 271 385
373 438 323
185 72 250
181 5 119
229 101 17
120 25 110
113 128 68
479 303 323
404 356 368
430 285 395
291 324 262
319 294 339
433 305 272
373 309 338
313 345 509
433 385 272
373 373 340
482 273 272
475 395 493
418 353 277
384 464 289
174 14 204
79 15 221
99 51 54
0 176 103
163 3 216
394 345 465
379 268 391
447 368 294
371 454 455
329 281 317
393 425 391
301 301 510
278 358 276
434 402 289
309 501 323
343 414 441
408 504 442
504 264 391
270 270 362
266 298 462
298 330 510
261 261 364
485 421 475
310 358 289
283 492 493
391 423 396
494 382 298
275 419 374
403 260 357
261 341 289
359 327 396
361 313 255
395 348 282
417 305 323
467 362 315
338 290 425
446 414 358
427 507 291
364 284 408
478 365 456
2 145 20
69 5 19
60 12 164
229 165 45
106 10 238
426 346 510
329 281 446
385 305 382
299 364 257
505 329 375
430 510 446
458 362 506
380 477 414
308 276 354
289 305 335
403 403 308
397 509 510
477 445 333
501 389 293
300 461 380
473 297 457
267 510 363
298 455 426
471 391 317
510 350 444
356 292 374
394 394 268
382 413 448
352 272 338
496 480 466
319 319 293
488 504 471
483 499 378
436 404 420
470 406 390
485 325 421
376 392 376
390 342 486
491 475 347
373 373 468
377 313 425
458 345 473
260 404 500
333 464 463
408 472 299
421 405 420
343 279 425
351 255 272
361 473 488
332 508 349
419 259 324
383 354 481
450 498 301
332 380 477
418 337 293
336 336 436
399 399 337
477 461 475
434 466 336
355 403 448
299 379 362
338 354 432
391 391 489
343 343 313
302 270 508
395 427 493
363 395 493
493 445 330
418 418 260
258 258 272
501 501 374
260 484 310
320 432 338
408 408 442
497 417 287
382 462 330
506 282 391
474 394 380
384 384 292
293 373 323
322 481 479
445 316 267
296 456 361
371 298 410
327 410 345
276 339 465
268 449 322
499 484 401
445 350 364
476 395 429
510 365 503
346 295 413
359 487 398
474 329 471
476 489 506
305 336 448
376 349 286
381 360 295
479 402 508
355 340 338
463 310 341
450 447 421
314 371 502
416 317 364
453 357 420
421 328 503
313 362 459
499 436 257
401 351 384
415 319 468
427 490 392
449 402 452
356 291 425
408 361 395
259 276 309
290 289 292
403 436 482
317 366 360
331 475 265
474 265 328
490 314 362
400 357 277
350 446 509
286 429 448
445 504 471
342 502 271
506 411 299
410 298 378
446 318 487
474 298 362
276 420 353
379 331 506
451 403 322
397 509 269
271 287 479
445 397 493
302 455 318
286 318 302
295 279 375
403 387 322
261 277 373
408 392 424
352 272 304
323 339 371
356 356 356
359 359 359
388 388 356
418 418 450
489 489 266
475 475 443
493 509 445
338 322 385
504 488 295
428 412 379
414 414 414
377 377 377
323 323 323
