3753699
290 428 341
296 337 349
317 290 424
447 435 430
108 225 124
160 29 21
225 116 77
104 124 118
31 141 1
27 134 13
362 476 343
296 422 315
406 385 259
370 255 398
421 423 434
328 342 349
484 374 333
311 425 402
290 433 396
340 321 503
447 463 340
383 399 285
447 334 341
463 349 456
398 258 277
300 445 435
362 483 497
384 276 285
401 390 263
411 384 308
364 503 372
510 500 356
392 386 271
472 449 327
348 453 457
276 397 255
408 402 294
264 274 294
302 405 389
368 393 427
496 263 425
297 275 391
262 255 408
504 382 356
96 231 119
254 71 86
112 120 200
125 202 91
207 246 232
198 241 227
380 324 476
418 414 255
379 497 340
421 293 482
439 294 354
505 503 459
489 366 471
500 505 493
317 309 289
419 444 385
299 293 256
268 398 289
360 487 293
320 452 278
496 377 424
325 456 387
261 260 434
362 366 327
443 437 385
332 451 301
398 390 302
279 383 444
389 304 347
503 498 399
470 429 265
347 474 488
509 378 257
490 484 294
272 405 344
290 420 357
318 448 510
305 427 255
387 397 450
339 461 276
206 71 148
27 225 70
227 238 70
212 76 242
225 105 249
50 168 163
296 308 434
300 427 425
402 402 408
410 281 272
298 295 289
304 305 442
276 401 408
275 274 391
508 377 357
298 430 407
470 336 493
470 477 406
416 307 482
390 407 454
448 472 260
388 270 289
442 438 494
498 270 452
294 417 482
490 338 415
433 425 377
507 372 439
482 413 347
277 406 419
393 264 272
308 301 404
395 261 427
315 327 350
267 255 293
262 507 339
267 262 456
383 387 328
454 449 394
434 438 359
118 127 204
164 168 139
133 240 88
212 234 9
109 242 29
41 149 123
267 281 503
337 428 387
362 366 448
492 466 459
307 436 423
327 371 341
412 417 258
294 409 314
340 335 459
282 409 385
278 277 384
313 292 425
354 483 374
492 489 510
368 380 357
264 396 408
277 280 261
274 406 257
263 395 280
393 270 279
244 113 109
44 166 141
223 84 255
101 238 71
162 170 51
200 214 68
454 450 342
500 496 357
386 259 282
395 391 489
237 110 77
247 140 88
57 63 17
42 32 136
224 111 68
86 174 107
2 10 85
249 241 183
27 18 170
130 135 170
398 394 347
271 278 299
405 275 301
262 256 450
310 456 391
392 394 331
368 374 443
314 312 380
455 330 393
358 351 348
465 349 357
384 387 425
422 296 255
272 274 442
306 434 370
423 273 355
270 389 468
336 471 273
422 297 489
348 290 479
5 242 60
216 211 156
157 148 221
148 28 85
54 48 119
23 144 214
506 382 439
302 335 274
287 291 272
260 264 289
59 63 17
120 122 85
58 58 17
36 35 0
141 14 188
321 323 263
424 297 408
442 446 272
264 389 322
293 476 275
493 276 475
320 443 375
312 308 369
322 325 262
426 427 400
257 262 289
277 280 306
286 386 306
444 320 263
485 480 340
496 368 340
443 315 388
406 275 328
332 332 283
425 296 471
436 308 482
296 296 284
381 510 467
359 494 453
281 281 301
109 109 88
174 172 9
182 56 224
143 9 208
5 0 69
229 120 38
323 505 398
407 422 329
318 261 493
381 501 290
11 18 195
60 165 114
21 28 34
78 203 102
102 156 220
284 404 348
321 457 414
369 489 318
313 416 379
501 353 441
452 464 394
376 395 453
304 426 408
277 410 306
257 385 303
301 416 271
473 471 510
453 450 476
499 367 493
258 262 272
493 491 500
428 428 306
493 366 462
298 298 267
395 270 272
268 398 272
471 341 510
439 313 408
403 406 391
493 479 415
3 27 192
130 138 90
2 155 201
125 102 180
234 236 170
245 233 53
328 437 502
276 405 342
369 502 303
451 326 261
99 96 174
89 230 133
62 1 152
32 165 69
161 163 71
475 473 510
337 350 498
458 467 373
318 289 405
342 474 284
315 312 354
308 303 506
502 396 459
368 503 323
486 284 345
358 482 467
337 339 388
263 398 315
392 263 434
434 308 391
353 480 399
327 330 257
492 492 340
310 456 379
368 497 446
508 509 309
203 75 242
160 160 17
72 198 116
33 163 12
132 5 166
18 23 50
124 123 102
214 215 204
11 8 43
112 241 238
303 432 272
473 347 501
484 506 321
303 427 405
16 18 169
142 15 149
22 144 59
227 99 72
138 10 40
442 440 475
407 284 442
370 381 340
307 316 497
384 445 324
293 289 358
276 404 471
138 8 97
215 85 44
238 104 129
96 94 57
4 5 239
122 248 45
358 480 466
371 501 348
458 458 493
424 295 391
267 386 425
255 387 431
271 489 430
507 506 340
65 75 115
224 158 209
107 230 89
175 163 136
209 80 255
470 469 357
301 300 281
482 486 339
287 291 501
277 404 472
345 478 491
285 280 309
262 262 408
312 316 271
53 15 170
54 181 34
223 218 68
127 121 221
148 24 164
309 458 256
406 273 452
383 260 318
431 307 396
351 380 329
313 431 384
269 255 305
138 140 190
114 233 88
69 65 221
250 70 102
208 211 204
241 125 84
313 445 280
463 492 459
383 262 272
272 404 255
411 399 391
339 463 323
416 291 442
510 500 450
210 77 125
75 113 85
171 160 136
145 150 51
178 183 17
418 419 403
450 319 499
312 309 364
283 256 306
452 449 502
473 325 374
389 392 304
461 326 510
430 436 363
395 262 459
420 439 353
324 464 389
257 406 452
404 354 425
257 409 425
399 403 306
285 279 467
361 490 298
498 496 300
354 486 428
392 404 455
67 63 255
68 193 119
237 104 85
168 165 102
148 19 212
168 178 234
507 374 442
318 389 351
412 405 368
479 355 423
416 292 408
313 320 255
413 358 289
396 261 442
5 142 51
202 49 115
194 186 248
186 192 141
198 67 102
473 339 459
355 482 374
441 317 408
317 313 492
309 434 497
361 482 425
307 429 498
325 475 260
500 365 432
374 382 305
278 263 442
270 262 425
449 457 374
347 454 410
496 359 315
446 455 383
506 352 340
390 441 408
411 261 306
366 351 421
304 425 495
197 220 3
241 235 183
175 169 234
39 33 100
137 135 202
67 73 6
442 436 504
474 353 282
307 445 499
336 426 364
317 312 501
327 468 357
477 344 510
331 456 357
47 180 0
93 38 225
241 109 221
211 111 204
66 206 85
290 287 442
470 464 455
321 320 366
471 341 504
508 498 407
288 290 255
386 384 305
256 267 342
266 403 350
485 351 459
292 282 442
316 318 402
469 338 374
367 500 427
487 356 327
357 354 510
338 464 496
19 145 177
191 177 16
125 252 88
79 73 215
164 26 62
26 31 0
86 81 245
146 23 136
37 170 137
204 71 233
335 329 365
433 424 275
408 411 311
482 488 454
444 434 407
318 435 412
266 303 272
339 476 374
230 110 178
191 39 230
224 234 171
100 226 204
154 156 170
457 324 391
482 488 440
460 471 391
306 311 374
497 387 459
414 356 417
326 445 510
463 455 510
399 265 442
363 490 459
354 375 459
347 344 479
261 267 373
504 374 458
415 298 277
495 360 473
384 260 272
50 179 170
39 33 187
15 8 47
153 24 0
94 95 199
488 356 477
307 398 419
485 491 467
415 426 306
293 425 306
410 399 391
407 274 316
302 307 399
474 342 502
401 276 391
339 336 459
380 506 476
479 510 459
497 371 314
343 339 488
273 399 306
491 492 459
311 440 289
459 458 480
413 274 408
339 336 340
344 324 340
464 349 323
319 334 340
471 356 452
397 257 408
322 461 482
465 477 369
359 490 457
308 442 289
265 266 426
268 267 272
378 500 344
394 392 422
268 397 272
31 3 182
195 79 102
44 32 154
236 240 183
22 148 34
409 409 255
479 480 323
474 347 275
466 342 410
448 444 510
276 360 299
510 377 340
505 373 476
417 421 255
421 419 442
292 292 442
310 438 272
334 464 272
272 285 339
481 484 446
503 379 419
275 273 329
261 258 449
504 381 297
280 286 304
478 344 323
336 491 459
337 492 459
317 257 289
441 416 276
335 473 501
396 303 272
339 464 331
378 454 354
278 411 255
396 402 255
290 419 442
315 389 287
411 273 391
412 405 317
171 178 8
120 240 66
179 58 12
126 228 209
95 90 255
477 473 323
411 289 255
473 451 510
362 483 510
495 492 510
366 491 510
285 384 272
396 257 419
399 277 443
502 500 355
395 397 257
301 299 418
301 305 289
286 257 272
485 352 374
265 270 408
309 310 418
385 257 311
429 416 397
284 402 442
458 328 486
419 419 392
275 402 391
494 493 328
453 376 484
445 440 425
326 325 340
449 476 459
366 363 380
287 420 308
258 408 391
433 435 442
271 277 255
292 316 425
259 274 297
154 0 181
66 124 221
19 157 187
14 2 212
92 216 129
502 502 430
329 326 376
413 402 391
408 285 391
291 440 425
400 404 255
163 160 187
115 241 102
68 193 221
41 173 136
207 86 102
92 166 236
426 291 503
466 463 510
509 376 476
301 301 372
476 349 505
421 421 440
312 316 290
315 309 425
433 436 289
274 393 309
403 256 438
442 436 408
328 501 340
322 330 340
271 267 314
264 500 439
344 468 393
435 332 262
347 292 374
292 299 503
326 448 482
330 453 476
419 311 425
209 205 221
103 99 119
154 30 137
124 249 238
180 47 187
347 472 323
485 363 451
466 335 374
394 264 304
311 443 281
487 482 510
180 137 46
229 98 125
112 114 103
34 28 9
255 100 194
99 253 88
348 492 510
397 445 425
363 375 345
504 369 464
315 303 399
420 292 453
286 416 255
506 324 357
459 326 493
390 283 426
433 443 258
401 413 417
469 330 510
398 409 425
356 492 323
484 492 323
424 272 306
286 259 272
371 492 510
317 294 306
359 369 357
282 272 268
489 499 485
367 378 374
484 352 493
481 381 493
392 270 272
387 442 408
400 276 391
406 282 255
412 286 266
504 357 372
397 400 387
352 494 357
167 43 35
90 70 82
227 233 208
113 126 216
117 76 228
35 37 51
256 388 272
376 500 366
387 261 284
464 334 361
504 376 338
453 454 359
328 330 323
456 457 472
302 434 289
377 356 374
431 314 289
331 330 323
314 305 425
341 466 331
375 503 459
405 276 255
307 307 278
334 332 493
318 314 507
316 440 371
348 477 408
423 424 357
398 391 313
455 460 493
312 313 425
318 440 425
445 317 289
434 306 425
510 381 493
387 387 410
359 486 510
310 438 289
497 368 357
436 426 442
220 92 204
71 70 85
206 200 209
209 92 68
177 180 170
62 179 170
461 457 340
383 259 288
367 496 357
459 331 348
424 296 312
277 391 408
269 387 408
391 369 287
416 443 500
462 333 510
501 499 476
335 465 354
505 260 456
372 498 325
327 447 371
438 445 270
477 346 497
409 412 255
490 359 357
283 283 272
387 261 272
273 405 255
459 327 476
399 405 255
380 502 493
314 316 289
429 278 305
461 374 340
282 289 255
453 448 358
108 85 119
7 191 29
7 141 19
81 93 193
148 22 25
139 141 26
154 27 136
64 194 85
9 141 153
10 15 17
301 417 442
317 418 306
260 408 264
377 357 369
421 442 430
485 352 357
420 302 289
460 339 323
441 443 306
406 284 256
288 291 261
494 490 468
260 265 295
290 287 442
451 321 340
448 478 459
355 479 374
419 295 289
359 486 493
473 339 476
474 469 461
337 475 323
289 416 306
338 338 323
469 469 476
359 359 493
484 355 374
420 298 432
442 315 274
320 507 348
105 227 255
128 133 41
150 107 39
95 91 119
204 202 228
334 462 422
392 398 318
495 462 493
416 294 442
290 421 255
510 484 340
333 455 357
488 356 459
435 265 425
258 386 408
256 397 408
320 319 494
490 360 453
340 341 510
386 385 391
345 343 468
423 296 306
424 296 287
285 256 275
452 447 459
266 269 255
325 449 459
290 422 425
432 308 442
474 453 342
400 406 255
416 419 306
259 407 391
280 281 272
375 499 510
494 362 357
442 446 425
483 351 374
459 328 339
453 322 476
226 104 68
81 42 105
244 116 51
96 219 26
70 61 12
475 356 510
290 301 442
449 447 486
301 273 306
275 270 425
367 382 357
457 458 323
484 485 510
368 367 493
327 456 476
376 507 357
286 404 255
287 440 400
356 355 444
361 488 437
504 355 405
333 458 408
341 465 255
436 438 357
328 469 272
489 276 425
468 468 357
375 509 304
390 386 327
498 269 321
441 439 289
394 267 272
306 437 425
281 284 255
386 260 272
320 475 459
331 333 323
508 503 490
482 381 494
480 493 506
31 3 150
67 216 74
76 200 221
137 10 17
240 112 82
263 264 424
492 364 328
506 506 493
435 313 306
458 452 476
431 436 399
436 440 289
457 454 476
310 295 408
398 397 442
495 369 323
455 451 510
413 283 425
506 503 357
467 469 510
460 448 357
457 462 382
509 319 476
295 420 275
376 375 437
363 364 442
285 286 288
422 421 442
417 288 445
322 460 464
382 378 493
320 380 350
425 296 306
444 258 289
474 352 323
319 327 357
507 372 459
362 351 476
462 461 278
378 371 296
34 166 114
131 128 68
14 13 187
50 178 17
161 46 187
420 438 272
495 338 412
449 411 289
459 492 425
452 494 318
443 271 476
497 352 425
505 352 425
504 504 430
373 499 314
308 433 479
447 333 412
412 400 319
355 494 476
492 371 305
385 389 333
501 373 299
404 399 469
338 343 409
392 262 347
306 458 255
413 272 426
345 338 510
414 289 255
347 471 510
354 361 289
330 447 283
298 423 506
258 385 488
289 419 508
316 256 468
346 357 302
444 441 255
410 276 306
311 420 396
181 190 145
83 86 243
214 203 68
246 233 102
125 125 221
351 482 304
462 459 387
342 335 394
385 377 336
376 325 476
349 341 495
330 334 323
435 436 442
70 192 93
101 97 197
113 76 238
199 121 100
215 84 204
2 0 161
451 450 476
331 457 340
396 432 272
404 278 442
273 403 472
430 292 403
442 432 352
451 332 387
261 506 323
448 448 510
319 449 266
288 318 357
299 423 494
436 431 369
303 299 494
338 335 408
269 396 470
301 424 276
394 255 308
485 356 339
303 431 408
457 459 493
392 389 272
463 349 374
265 261 471
482 494 340
435 310 255
463 478 399
342 463 277
395 398 289
428 428 255
412 284 442
470 340 492
355 352 336
71 194 102
34 165 0
147 16 51
219 219 247
71 73 108
88 221 121
330 333 476
478 477 325
493 494 453
435 424 442
401 275 264
423 310 278
508 369 340
311 446 289
470 470 493
336 450 257
446 388 343
373 283 425
377 324 390
73 230 173
136 5 220
123 112 173
15 115 77
8 3 201
30 152 187
329 368 340
350 484 323
416 292 442
382 376 329
318 316 408
377 504 459
278 274 344
284 280 462
265 436 346
425 425 357
413 411 340
352 479 289
382 503 323
391 394 329
395 271 328
112 252 41
84 214 119
15 15 170
98 98 38
187 59 126
214 87 9
319 322 402
508 380 308
317 445 255
429 302 373
393 265 454
382 505 401
478 469 441
339 478 431
416 274 447
308 390 348
372 488 419
428 420 272
485 283 289
206 86 154
23 239 85
44 182 153
57 51 0
34 167 119
224 110 185
343 335 390
364 500 437
469 335 271
256 256 319
380 367 434
257 264 460
317 311 375
347 463 405
345 474 278
291 416 274
351 484 459
294 416 255
377 479 326
277 279 446
454 375 357
170 41 136
12 12 68
200 74 164
238 104 27
113 239 68
132 112 204
408 270 289
465 288 281
283 269 326
270 395 459
506 504 442
322 450 255
403 275 425
469 341 510
271 399 442
300 426 277
407 414 462
291 475 373
391 271 439
131 9 170
168 38 0
83 82 119
143 13 170
207 76 238
113 241 212
324 451 363
280 410 417
463 430 389
401 274 458
322 450 490
338 338 323
487 487 501
301 430 438
469 469 458
285 285 266
285 413 436
192 65 92
244 244 102
187 56 34
2 1 174
108 238 196
96 156 76
215 211 100
155 152 187
150 17 47
189 49 228
388 503 462
291 291 273
360 276 472
275 397 441
384 261 425
319 439 260
400 284 336
423 310 487
402 404 478
369 367 325
438 305 408
390 398 339
414 260 355
228 108 200
236 80 77
118 244 238
21 26 0
171 45 51
164 168 2
467 340 481
455 329 504
388 387 289
344 343 497
328 452 489
286 416 255
431 304 272
464 473 510
489 382 350
360 476 459
439 433 289
203 207 108
32 164 115
43 167 0
55 179 34
96 99 119
422 294 286
505 378 476
336 463 459
364 364 459
437 439 268
375 377 340
414 285 306
409 261 429
341 471 380
313 310 463
494 484 319
361 363 333
509 509 470
269 385 279
61 49 170
116 206 238
26 130 51
138 3 221
175 169 230
46 47 116
68 202 241
178 13 145
254 113 230
138 143 153
433 438 425
444 262 415
436 437 408
423 423 396
306 305 297
271 399 255
346 325 467
278 270 412
315 298 306
287 298 306
299 423 438
30 150 3
237 228 241
129 63 177
168 31 5
160 24 14
460 371 381
484 348 330
258 441 427
509 326 332
433 265 255
395 310 312
329 450 472
459 374 352
274 419 445
449 330 336
426 273 279
485 349 339
372 449 471
305 266 256
39 30 20
182 12 130
210 235 229
159 160 170
84 237 231
452 380 374
376 448 462
316 388 394
369 458 448
376 448 462
297 273 390
476 484 368
305 266 285
366 341 322
367 328 323
387 446 431
313 385 391
390 318 304
435 267 257
269 437 439
458 369 379
210 106 100
219 100 110
199 127 105
238 119 125
118 237 219
472 336 362
413 294 296
258 441 427
433 265 255
431 263 285
355 466 456
441 386 392
453 496 490
507 452 466
459 374 352
372 449 471
446 310 296
495 375 481
308 433 294
109 214 67
128 57 178
79 247 225
154 35 53
239 86 92
401 297 315
325 368 362
510 451 465
349 358 368
329 372 381
474 483 493
297 272 261
406 423 417
444 385 392
314 255 277
418 409 398
430 405 411
273 282 301
475 484 494
280 289 308
281 290 308
7 62 51
141 180 190
40 31 20
160 151 156
177 134 138
453 370 508
379 372 320
317 387 266
421 412 400
366 483 337
498 455 451
348 487 353
452 459 503
418 295 413
424 415 403
269 386 308
371 380 328
311 398 260
256 266 318
255 117 192
16 26 46
210 93 231
74 68 112
48 134 13
296 286 274
452 333 503
300 290 278
294 428 273
336 346 358
469 319 508
348 342 354
489 351 476
392 386 438
260 398 303
307 441 256
441 303 390
375 502 331
394 285 415
410 267 437
381 355 335
18 4 56
111 101 208
240 254 75
166 171 159
77 70 114
429 418 406
300 289 277
411 406 297
450 459 375
428 417 278
266 285 416
463 474 486
286 273 293
420 425 413
501 508 456
478 458 502
463 474 358
284 401 420
292 297 414
210 95 106
230 211 95
92 87 227
79 90 229
89 84 224
408 427 294
276 279 417
499 480 349
264 385 303
298 415 272
285 400 294
301 418 277
414 401 421
322 331 375
341 321 381
261 265 317
370 382 327
321 333 380
503 499 448
474 470 483
447 459 503
328 451 496
428 288 278
262 394 444
508 489 469
386 405 425
386 405 425
393 284 417
440 301 400
432 294 408
339 448 379
313 415 273
373 482 349
363 505 323
466 460 375
466 460 375
347 325 500
469 447 382
273 259 441
317 291 406
105 100 112
240 139 159
224 21 152
36 191 76
45 26 6
386 395 439
336 329 381
476 325 500
366 500 323
352 470 343
359 482 367
292 303 331
508 495 266
437 418 347
447 470 474
472 491 495
395 389 305
505 479 467
381 372 455
424 405 258
510 370 356
475 462 309
456 346 418
340 326 319
378 360 357
333 508 355
302 439 261
308 415 300
439 419 399
501 329 320
488 509 372
420 433 327
420 433 327
356 504 496
428 407 255
431 315 260
501 362 353
391 402 285
418 423 276
441 384 267
283 421 304
433 318 421
316 422 301
354 501 269
508 495 398
486 487 272
468 471 289
417 301 337
463 323 447
426 422 476
326 331 433
421 432 331
358 487 402
482 405 285
489 408 278
368 261 396
439 294 336
288 411 392
352 498 328
275 386 265
290 433 436
463 358 353
356 502 334
505 331 467
507 492 488
352 405 274
412 364 498
370 363 351
349 334 369
293 278 401
462 476 483
461 347 483
325 467 363
347 458 372
287 436 314
297 443 305
330 472 338
318 432 294
262 403 286
258 406 409
259 270 274
473 467 319
334 344 469
392 386 406
429 438 442
455 464 476
348 323 368
458 339 352
349 453 502
505 322 331
327 322 376
373 334 320
444 388 405
306 394 282
292 427 316
449 378 494
439 431 280
303 438 488
256 389 335
485 356 342
394 438 425
368 499 493
313 260 411
439 432 344
420 300 455
292 413 255
335 341 374
302 425 414
326 325 397
379 354 418
452 471 387
308 303 371
466 463 276
443 383 377
263 261 311
382 502 340
285 399 308
419 300 391
430 297 408
389 259 495
419 415 373
349 452 272
279 404 327
397 394 461
446 443 406
435 428 281
435 427 347
426 401 383
471 460 483
434 392 362
402 280 375
507 355 398
262 265 450
462 328 435
335 463 417
431 432 486
487 366 312
411 411 458
465 464 404
274 270 289
426 303 490
293 428 351
443 307 400
437 444 404
353 488 382
419 289 306
413 282 272
282 390 269
403 274 280
335 341 476
275 404 408
503 505 366
303 270 283
398 394 307
369 374 364
419 419 384
280 404 324
