3444696
280 384 269
479 382 372
270 277 290
412 494 505
2 27 110
214 182 132
95 182 6
104 5 171
90 43 146
172 93 241
404 485 454
469 383 281
362 427 432
399 348 483
316 497 358
291 334 479
507 271 288
348 333 507
381 491 467
440 427 422
274 266 385
432 441 315
329 466 474
281 383 432
376 510 346
403 277 372
337 461 499
396 277 415
472 477 342
343 447 332
373 365 483
306 425 416
303 425 419
275 286 292
283 387 307
390 394 483
385 295 466
463 326 380
434 287 272
397 406 408
292 446 438
288 313 435
481 380 372
370 485 346
209 67 240
240 18 34
120 37 178
202 148 0
104 11 7
72 93 238
422 312 392
325 478 494
369 366 483
334 343 464
326 473 466
324 474 338
418 291 401
323 477 342
335 469 352
496 488 480
256 403 283
381 384 406
353 367 259
489 376 397
494 499 264
319 328 316
458 332 294
331 340 288
374 504 487
505 364 354
305 445 289
462 508 510
377 461 338
400 313 317
437 472 339
367 485 328
402 406 349
422 281 344
385 380 333
341 327 490
488 314 401
441 329 351
366 396 287
398 486 455
24 136 81
208 221 40
119 138 35
204 64 158
197 73 32
79 219 171
468 328 321
399 266 394
439 289 287
485 364 351
463 423 423
306 457 332
275 396 384
508 499 494
271 265 390
374 364 486
482 490 369
485 508 378
308 316 451
351 359 402
491 483 380
467 491 356
380 372 494
310 318 420
410 418 296
393 401 275
332 324 443
270 278 412
331 323 473
269 309 443
483 475 341
266 258 409
326 510 499
430 294 432
295 310 460
455 319 299
393 312 343
476 336 301
256 413 505
271 409 372
67 127 109
239 227 118
53 42 212
17 11 113
214 208 235
95 87 224
326 499 353
346 330 510
379 364 286
290 430 445
391 507 481
343 465 319
275 269 444
422 445 393
327 319 506
395 403 287
417 436 398
371 332 319
339 476 461
431 296 346
472 353 497
433 394 280
508 502 449
256 259 418
445 307 275
332 447 312
29 16 111
24 39 86
94 98 136
106 85 178
220 101 127
196 204 222
273 409 388
487 351 370
321 455 439
372 267 276
22 31 96
128 184 211
218 82 170
10 16 125
193 196 48
245 246 167
9 12 93
207 205 150
214 214 148
76 75 147
380 380 306
362 490 418
422 312 504
282 261 350
439 434 322
383 389 464
286 406 374
450 458 424
317 324 355
393 370 465
474 348 378
302 416 265
301 423 433
339 350 458
499 384 430
410 434 448
292 285 266
308 468 503
331 289 272
330 315 268
69 108 158
61 84 98
74 163 176
97 197 183
79 105 27
234 1 177
379 395 421
446 435 284
431 442 302
375 492 353
180 174 154
67 212 217
180 188 174
228 236 198
209 40 134
435 316 452
381 266 416
478 333 488
302 319 355
374 395 426
467 299 261
507 274 309
329 426 266
352 395 301
496 398 417
447 457 492
282 414 395
446 445 425
441 316 295
462 320 360
393 501 441
294 428 274
259 504 308
470 340 422
436 444 256
429 309 407
441 439 395
409 281 474
469 344 384
459 456 263
85 209 251
98 225 83
61 59 139
179 179 235
115 113 183
73 205 19
277 272 320
370 371 443
462 328 401
346 342 488
11 13 47
1 152 127
171 175 5
129 128 44
109 224 82
348 341 481
287 291 397
455 333 490
284 281 317
385 386 420
406 275 307
300 296 269
361 486 448
376 371 336
406 362 450
477 466 479
320 449 388
300 432 497
405 274 460
450 381 436
270 259 322
294 299 354
317 310 319
456 443 416
402 493 380
404 480 497
353 275 397
427 339 500
297 466 507
299 423 282
233 106 170
226 96 166
205 83 0
32 37 254
213 73 157
34 216 156
285 358 421
468 290 354
340 329 504
375 497 458
27 16 196
239 112 171
144 29 195
118 237 3
59 161 192
292 314 474
385 435 345
480 373 282
477 424 431
404 412 307
431 327 466
495 269 401
276 364 497
449 458 364
315 439 269
482 379 425
449 462 387
443 303 481
346 339 507
350 342 324
273 359 368
395 496 335
288 289 280
493 359 470
399 402 437
405 280 432
146 145 172
233 151 209
150 227 43
104 29 95
132 253 63
233 98 162
138 11 195
110 105 182
115 240 54
72 200 255
312 439 381
356 487 446
374 372 431
456 309 501
63 62 247
202 207 255
60 59 140
20 235 93
46 35 102
485 355 441
307 310 464
322 460 313
289 293 493
430 419 359
261 257 471
394 391 470
185 59 105
145 17 39
121 121 85
245 117 93
142 3 186
0 6 107
413 264 364
343 447 424
294 430 345
371 396 418
270 262 349
359 404 444
394 264 442
291 422 278
147 16 185
137 137 218
74 203 36
255 248 70
85 86 252
284 284 297
387 260 471
269 394 453
432 438 377
328 327 394
308 436 496
451 452 312
297 295 360
334 461 270
153 152 92
252 124 61
230 102 91
61 195 124
180 63 243
335 459 407
444 444 380
286 408 447
453 329 385
372 493 309
331 473 384
341 427 489
225 150 214
161 184 99
142 146 200
34 35 229
0 5 213
27 147 75
259 396 469
402 265 348
422 302 374
346 477 264
462 327 259
335 337 363
289 422 270
495 369 471
193 193 96
163 172 133
205 203 157
85 210 228
120 253 83
325 320 406
357 352 274
403 393 345
266 406 313
424 295 255
326 458 389
381 371 443
497 371 346
274 411 293
493 278 468
361 352 420
268 277 458
391 273 459
491 365 403
395 397 495
338 427 412
471 469 496
337 465 501
325 451 358
413 403 444
481 361 451
140 20 44
106 82 240
85 94 66
140 136 21
121 247 111
91 87 206
424 302 304
319 454 352
331 460 377
496 368 324
276 279 341
390 257 316
375 508 328
287 315 270
23 154 179
4 128 39
251 70 102
251 198 100
226 109 46
366 371 297
429 299 355
366 365 416
478 349 405
390 281 476
503 502 432
494 364 438
327 327 495
467 341 480
413 482 287
493 360 429
460 452 394
316 305 380
370 363 306
462 471 397
271 408 339
402 284 341
268 264 322
374 328 446
355 354 425
418 427 356
108 237 43
37 168 96
188 69 134
5 240 184
8 253 180
227 150 94
314 309 503
326 326 255
400 275 293
394 393 293
345 349 369
339 492 462
468 359 328
465 335 370
159 27 47
241 249 2
156 8 119
234 158 134
11 128 101
274 407 378
323 447 280
379 381 425
436 308 385
458 455 361
275 400 438
457 327 377
488 488 477
431 304 409
473 294 258
273 277 501
457 459 494
325 445 282
404 353 376
394 271 488
431 452 341
336 418 316
212 38 54
72 181 169
75 49 174
185 71 103
221 91 121
85 213 115
101 102 195
15 10 44
161 164 63
61 196 98
317 320 357
484 285 444
278 360 330
428 339 457
335 424 310
302 474 457
440 459 338
309 323 344
100 23 138
178 184 22
56 61 110
54 181 112
70 217 158
376 373 459
321 323 377
260 267 455
373 365 433
506 353 309
474 348 352
500 369 436
446 445 377
355 353 416
498 503 304
426 304 492
256 283 330
368 372 389
500 505 305
435 442 375
434 443 497
438 423 499
236 237 49
200 72 9
210 86 25
232 101 177
234 246 168
394 395 447
399 272 471
297 300 500
479 481 424
390 408 324
508 507 317
415 416 380
406 407 449
320 313 410
293 426 255
316 328 345
262 307 420
412 397 379
295 470 330
375 490 470
497 261 276
321 341 355
462 339 483
316 415 399
345 452 501
387 410 296
484 493 322
475 416 305
492 376 328
394 384 304
484 370 450
285 391 311
443 296 405
379 498 321
264 414 302
320 467 358
448 346 490
429 292 276
273 392 440
492 371 323
224 119 71
111 103 215
80 216 231
2 154 171
100 252 205
447 473 359
258 276 424
464 454 378
327 322 510
466 451 375
306 421 411
400 395 314
338 333 377
331 466 355
447 349 487
503 358 464
282 387 305
342 455 382
377 358 338
406 396 440
343 462 372
495 356 474
479 489 342
476 468 483
421 318 264
380 499 338
417 472 375
451 457 430
404 402 484
260 395 470
339 478 506
414 387 442
259 285 428
277 383 314
364 374 452
285 277 422
324 332 508
454 343 366
462 471 483
487 380 454
72 221 103
70 72 223
197 63 35
195 77 96
124 99 222
346 454 499
335 458 506
434 311 392
320 457 375
383 397 314
430 436 384
501 480 476
283 278 295
394 402 291
322 330 501
402 410 302
409 401 302
279 271 426
303 314 262
408 273 287
483 492 346
443 433 389
484 494 473
502 364 478
354 503 458
352 490 474
506 499 324
497 508 334
314 306 398
299 291 408
310 445 387
299 436 446
291 442 432
262 414 424
462 319 377
444 309 255
327 454 508
428 292 414
507 370 461
338 473 356
138 5 184
35 171 17
141 4 191
70 206 112
192 72 242
434 314 388
491 355 477
281 402 295
436 316 390
309 440 259
301 416 283
242 122 196
2 138 180
101 234 208
249 118 76
94 214 232
181 60 3
385 265 436
299 420 286
390 267 437
443 307 398
395 259 446
270 384 317
505 368 456
441 256 392
449 375 498
401 276 428
385 266 434
506 498 458
374 382 326
405 285 424
259 444 310
421 302 408
450 330 497
343 463 357
261 397 311
330 450 371
266 386 309
256 261 308
469 464 481
47 40 154
45 22 153
151 174 60
158 167 49
86 111 246
314 387 281
434 266 404
390 316 428
495 453 457
349 468 492
445 288 295
240 5 30
4 113 250
180 192 204
117 120 143
18 135 118
23 131 115
255 404 355
434 315 334
321 461 317
433 319 336
509 394 282
450 431 288
380 367 386
316 423 472
435 313 328
479 285 268
377 502 485
335 449 371
459 349 479
339 454 368
317 431 260
481 364 478
480 366 473
363 510 328
403 386 304
500 504 459
416 301 408
316 303 259
300 294 403
414 400 420
389 267 442
502 379 457
265 384 309
302 416 282
426 417 407
500 381 454
439 304 261
499 321 457
281 402 419
405 288 295
71 254 245
136 15 185
179 10 128
13 53 61
68 195 117
212 236 228
471 351 490
396 436 444
368 455 321
509 453 461
286 422 299
353 345 337
486 349 467
483 475 467
307 396 282
329 369 377
257 444 306
458 369 506
438 269 390
399 301 415
345 484 361
348 482 364
478 352 494
286 419 299
461 371 508
386 313 433
349 357 365
293 285 277
266 306 314
495 372 359
258 444 409
465 365 457
344 476 320
509 505 363
263 397 401
503 503 478
320 448 489
470 469 379
464 338 489
473 343 496
238 97 203
113 115 91
162 165 13
16 17 185
69 196 109
28 31 40
323 450 369
508 376 458
348 481 370
436 309 390
324 449 338
277 401 287
346 477 328
383 259 401
389 259 276
442 308 425
478 350 331
350 478 466
329 457 344
457 332 476
489 361 377
385 257 401
439 313 425
278 400 415
455 372 505
451 449 496
468 348 487
269 388 303
319 504 374
442 256 393
491 341 348
409 421 300
393 437 315
257 317 435
345 357 492
289 408 399
70 195 245
113 75 71
36 57 53
253 103 109
159 24 19
208 212 90
70 67 73
176 53 56
93 217 213
116 241 125
450 326 455
322 325 328
453 450 459
344 348 465
257 261 392
460 329 324
358 479 494
383 410 405
506 380 479
270 259 409
345 336 461
440 384 261
268 308 434
322 378 498
457 497 377
292 283 276
286 293 302
412 420 300
413 421 301
412 420 300
461 501 381
305 265 386
464 487 480
326 377 500
451 495 501
424 315 314
398 282 274
324 456 464
489 278 285
431 334 323
196 48 56
93 161 168
58 198 207
184 196 202
82 46 32
273 365 351
408 484 490
462 314 305
277 482 490
401 366 358
429 337 345
255 380 499
389 377 369
261 372 498
363 410 386
400 284 257
312 437 430
394 286 277
384 405 414
456 347 342
421 442 435
417 445 435
325 336 359
325 330 500
307 446 387
341 366 359
489 338 339
451 380 376
382 453 448
420 273 277
381 502 459
368 504 452
441 305 270
336 488 492
304 392 397
397 309 305
426 271 276
317 388 384
292 412 409
339 491 487
192 72 115
18 169 161
214 108 101
29 166 46
11 182 189
318 389 397
417 407 399
425 271 279
451 505 497
421 279 271
370 332 324
465 492 358
416 414 403
439 384 265
366 336 345
276 297 418
433 391 390
475 484 362
354 348 342
452 505 367
283 289 295
484 473 335
420 410 400
308 267 389
313 255 264
467 494 357
420 414 406
471 353 361
429 272 279
346 484 492
335 489 480
382 453 333
288 411 402
391 433 441
367 460 323
408 291 428
278 425 290
281 420 301
379 447 327
360 468 348
84 232 96
129 60 180
49 141 4
163 157 149
30 32 40
343 353 361
503 449 457
291 285 277
492 490 466
390 269 309
272 280 416
320 376 509
263 255 439
367 327 462
473 481 361
354 346 465
498 458 321
272 296 416
462 502 379
494 470 347
461 501 381
374 334 453
391 431 312
404 428 292
274 298 427
374 382 454
434 394 267
496 456 320
287 421 413
452 510 502
367 329 321
449 376 496
468 335 487
385 318 438
500 456 321
262 312 304
506 325 332
459 372 380
405 295 287
255 446 438
57 0 142
195 253 244
48 14 7
173 146 25
180 143 6
454 507 504
322 375 369
496 455 450
365 341 478
367 455 460
350 343 480
395 436 303
387 444 313
488 336 339
408 400 295
314 268 392
491 468 466
307 267 390
509 453 334
434 394 258
316 387 267
299 405 286
291 414 404
288 419 402
334 456 509
428 406 414
329 367 375
507 453 461
484 478 470
329 495 503
508 325 461
406 299 421
463 359 480
319 504 368
477 355 492
350 484 363
472 354 487
364 467 347
317 388 268
506 319 455
10 180 189
181 12 132
232 83 90
6 189 53
57 130 139
323 510 501
307 263 384
424 275 286
509 447 455
415 408 286
496 457 331
337 361 479
483 476 341
159 167 47
237 87 95
235 211 90
126 248 192
223 231 111
13 180 188
306 314 386
384 262 318
507 499 332
400 279 287
429 421 413
337 471 352
408 271 295
331 454 510
260 397 437
414 277 301
413 279 287
482 360 336
408 400 295
284 276 427
441 433 265
358 366 470
479 487 335
301 293 414
452 460 373
448 456 368
363 355 478
494 486 478
334 453 367
478 341 494
491 355 476
421 299 405
390 270 437
349 467 365
396 260 445
509 367 461
465 473 481
477 339 492
359 351 343
326 459 371
242 250 194
89 210 106
142 134 62
19 154 34
88 82 106
112 253 194
366 360 336
492 358 349
403 413 421
283 405 428
295 422 286
493 356 347
410 289 425
506 369 457
259 393 308
320 462 368
294 424 277
324 462 372
505 354 468
169 48 184
190 56 0
32 38 30
177 187 131
180 178 138
12 6 62
507 369 330
437 303 262
356 482 489
471 349 360
264 389 446
481 360 335
443 289 298
285 403 398
453 320 342
410 284 266
273 403 396
361 367 375
489 373 510
319 452 332
389 257 394
173 171 163
55 61 5
200 194 250
63 49 9
95 216 208
204 69 125
468 476 355
472 464 361
256 264 397
405 397 261
429 440 445
345 337 490
426 427 278
305 439 318
475 466 360
433 441 385
373 381 457
302 422 401
353 347 455
120 243 96
25 22 131
162 177 60
157 175 186
193 243 232
33 23 10
316 270 273
432 386 407
290 284 394
476 354 500
453 374 382
419 281 412
425 272 403
280 502 378
335 509 360
457 464 419
270 415 437
402 351 495
451 495 508
479 362 337
431 308 257
58 188 138
239 235 92
67 125 117
0 6 63
233 211 213
130 189 183
376 450 325
436 391 397
366 340 347
416 291 411
382 324 331
495 458 460
327 461 497
446 309 393
499 376 326
395 390 312
369 501 320
255 262 402
341 331 322
8 23 147
86 80 220
57 57 52
0 0 12
9 9 5
27 155 25
433 305 431
469 341 343
362 489 483
483 357 487
339 468 344
402 301 296
410 275 274
295 300 277
354 491 342
319 328 498
427 276 284
92 102 96
165 158 152
162 164 158
233 227 220
206 199 120
234 225 88
31 22 172
100 109 215
83 85 110
3 134 63
431 442 420
282 283 273
255 386 391
472 478 337
278 405 280
439 313 437
481 481 484
480 480 492
263 261 389
429 418 428
425 302 427
386 389 262
333 457 341
70 93 91
105 103 30
118 72 67
240 74 199
47 145 149
201 112 116
438 303 395
469 463 488
472 478 483
366 361 335
429 426 403
510 499 456
381 378 323
274 277 296
494 489 468
374 369 332
485 482 475
59 54 13
51 54 9
122 127 64
148 155 158
21 24 35
452 455 498
506 447 452
479 486 473
484 366 463
378 495 331
337 471 356
457 322 510
270 388 311
290 424 277
273 407 292
436 313 445
347 468 360
261 398 306
351 493 340
122 245 113
112 254 123
72 199 67
68 205 113
177 58 134
166 29 153
145 43 174
49 183 12
85 210 110
22 16 42
307 317 255
417 423 405
458 448 510
509 451 449
286 280 290
445 435 396
280 274 297
347 341 360
280 274 299
438 444 385
458 452 507
217 208 107
80 104 238
253 196 67
110 105 208
222 216 227
457 459 500
498 500 459
277 271 298
379 503 319
371 495 327
256 387 316
351 483 347
496 371 460
314 443 262
444 438 397
301 291 284
272 278 300
317 307 265
399 405 427
47 41 19
82 84 110
101 99 89
2 8 54
12 6 56
328 326 380
363 353 343
321 331 373
292 302 272
338 344 358
262 268 306
405 407 417
445 431 393
393 388 318
402 409 291
497 506 323
394 385 315
508 497 327
353 362 469
280 277 427
390 397 307
116 125 248
114 123 254
13 6 129
89 82 213
69 78 202
486 491 359
362 351 486
309 445 441
383 267 270
476 451 462
462 450 324
440 309 256
443 441 310
364 366 476
507 480 340
407 489 504
326 310 291
338 437 281
408 463 324
157 97 244
145 76 113
34 241 83
229 9 34
1 248 104
421 442 386
337 353 491
348 320 372
290 314 438
345 463 330
295 433 316
274 266 266
421 444 443
329 338 469
332 470 476
417 317 267
448 349 335
345 447 329
506 483 365
347 452 320
273 264 259
35 188 55
130 129 15
237 115 249
50 173 166
250 228 237
373 363 354
410 384 398
484 510 496
315 294 296
359 372 382
303 307 441
385 390 396
487 493 486
360 370 377
500 493 358
322 345 463
474 476 468
413 383 391
318 312 304
41 175 166
153 0 136
181 43 165
208 74 192
181 191 162
272 408 258
484 363 506
460 340 350
432 295 289
443 291 300
339 475 458
360 480 503
396 261 286
369 377 353
304 312 288
357 381 373
442 418 426
482 490 498
445 437 429
488 480 504
338 346 322
120 112 104
76 68 92
24 16 8
144 152 128
20 28 4
347 339 331
412 404 396
449 457 338
477 326 319
357 381 504
455 449 477
427 297 281
333 463 479
387 310 415
468 362 377
365 472 327
430 286 264
276 289 307
371 324 338
223 110 254
38 54 154
178 133 20
131 96 221
237 142 33
397 493 506
433 428 283
319 303 294
421 463 324
292 478 461
335 342 452
336 475 329
456 308 315
423 342 350
338 343 293
475 465 428
404 414 489
386 508 360
480 400 268
480 392 385
449 475 357
272 355 379
277 485 382
303 445 293
488 382 501
444 308 300
289 419 316
285 407 270
440 303 423
397 256 375
291 443 437
379 372 351
468 476 329
494 355 370
382 376 490
491 492 320
346 326 481
417 422 266
354 503 329
493 487 328
106 241 69
175 41 30
52 171 38
0 12 33
89 40 0
506 398 300
487 256 317
472 497 362
362 393 307
315 466 375
403 376 470
281 351 346
404 382 489
325 290 285
336 325 462
428 315 389
287 306 390
437 396 414
502 331 478
270 445 434
420 303 263
378 491 487
463 456 332
510 356 493
347 323 455
447 326 469
492 364 377
327 304 429
430 288 344
293 284 365
381 401 307
322 263 273
406 348 353
349 432 283
297 386 503
258 407 296
502 363 486
330 464 345
338 333 377
484 505 321
484 496 458
349 460 500
431 292 415
462 339 478
395 391 284
309 297 419
502 498 356
454 476 468
293 315 307
317 294 428
433 426 291
476 450 455
401 391 390
345 477 341
300 432 312
460 458 466
429 307 446
404 268 390
479 503 372
304 297 284
496 479 341
331 289 315
448 286 259
462 279 269
278 320 472
371 266 418
419 467 490
410 315 353
322 425 392
417 476 371
467 276 391
303 480 509
430 460 376
447 299 408
283 393 441
257 305 445
508 363 340
456 338 345
315 422 430
355 482 489
449 453 499
378 356 451
499 370 464
382 375 338
396 263 439
437 295 287
415 440 307
398 390 255
334 342 472
407 257 262
271 397 384
468 332 503
470 472 370
363 411 311
264 285 288
496 490 344
449 323 331
510 500 498
505 480 357
324 466 467
292 315 309
315 421 399
279 397 446
444 425 285
365 268 266
482 261 388
333 464 339
257 411 297
483 378 331
407 386 432
431 302 279
292 316 396
387 286 300
406 494 378
410 273 363
341 333 325
342 331 326
406 385 392
401 412 260
367 355 359
286 402 257
327 321 435
397 259 271
473 321 439
452 334 346
297 414 397
278 291 442
487 378 508
359 484 479
500 257 384
440 331 456
360 376 502
339 455 498
400 404 339
494 489 443
383 265 451
311 428 387
310 339 497
272 496 338
385 363 457
354 496 342
325 462 504
256 279 456
470 343 395
356 379 428
311 287 458
499 380 414
439 422 410
399 263 317
420 315 431
402 277 279
323 320 460
507 485 487
403 269 261
404 397 388
415 315 303
312 294 426
