3749487
302 366 395
314 314 503
477 445 343
369 433 345
94 61 45
131 36 114
23 145 70
238 14 27
69 229 77
95 0 148
446 382 498
341 500 478
437 464 380
460 333 349
510 472 295
325 415 277
482 321 337
447 418 307
372 505 348
311 505 271
487 330 383
302 369 406
343 318 496
428 334 453
444 418 488
281 442 310
411 348 264
372 499 314
261 259 264
480 385 362
402 431 440
366 459 378
400 401 476
492 264 289
495 373 477
468 501 471
344 376 374
319 255 326
298 329 332
309 342 439
300 269 358
377 280 368
431 496 504
495 495 376
19 115 216
124 252 152
27 219 62
67 163 68
215 84 188
119 151 241
297 393 366
456 327 482
323 451 256
410 339 317
435 275 317
355 387 352
329 330 333
294 293 482
342 373 498
363 491 327
449 321 485
407 318 346
352 289 420
474 279 277
428 365 455
288 415 424
440 506 336
448 323 263
285 480 465
476 255 497
499 310 440
281 500 475
285 498 504
390 484 263
438 399 418
333 397 284
424 359 453
350 414 424
428 492 475
346 282 426
419 355 401
323 259 309
415 294 497
472 503 264
7 64 245
142 44 254
27 120 137
4 131 175
20 247 199
91 158 73
398 393 347
260 257 277
424 397 280
487 492 504
484 415 403
452 293 308
381 319 400
498 399 353
504 314 429
380 347 299
276 273 445
269 487 483
319 480 329
396 331 422
450 352 494
388 483 400
450 354 494
302 427 450
304 336 356
302 462 320
429 365 383
400 277 256
414 284 396
291 356 301
461 398 357
462 479 455
340 404 379
390 261 364
412 283 374
380 443 276
432 478 341
283 322 304
478 284 460
307 470 453
60 92 176
138 138 70
209 241 102
237 205 128
182 246 130
198 165 180
323 326 360
263 327 291
362 394 486
479 383 364
391 487 474
296 296 444
345 377 391
372 500 453
266 363 344
508 509 362
470 469 295
457 492 474
277 310 453
509 286 429
506 260 307
322 411 331
361 500 324
404 342 486
378 441 360
322 452 468
165 251 138
120 58 200
21 215 5
88 37 247
110 42 189
220 120 204
445 319 399
304 277 473
447 352 297
460 460 383
240 112 185
58 21 93
222 159 120
225 174 230
52 53 178
8 233 135
232 136 2
23 246 127
37 165 11
43 202 218
412 314 395
411 346 278
438 469 350
431 367 442
395 428 261
369 498 481
477 407 366
370 460 475
295 360 291
336 335 444
366 398 510
486 358 341
356 387 424
290 386 497
271 496 349
323 294 463
296 423 500
482 427 495
381 381 416
411 318 433
115 18 156
203 136 163
193 3 9
231 230 181
134 103 245
181 148 202
284 283 338
479 386 332
448 293 425
359 455 290
205 141 50
111 143 186
77 109 126
77 77 134
13 173 145
359 263 506
341 470 323
372 369 389
459 460 377
268 331 335
454 421 466
295 391 509
491 459 453
429 268 384
503 472 492
292 291 350
279 310 510
439 312 271
432 271 377
391 295 450
397 397 466
477 285 326
502 374 366
343 408 335
401 276 441
292 292 508
300 268 402
265 457 290
500 372 441
293 486 429
212 219 147
107 138 3
252 122 86
97 7 145
62 88 14
235 108 32
269 301 481
375 506 404
390 293 328
441 376 338
243 243 185
209 48 58
227 3 138
239 239 182
5 197 138
440 285 501
262 326 487
374 502 348
366 327 483
313 506 340
277 431 412
290 385 267
357 294 361
471 311 465
505 281 333
463 400 344
438 371 410
276 442 347
384 449 318
361 266 259
456 296 355
280 439 467
357 325 492
289 448 362
433 495 377
509 343 275
318 347 304
406 373 347
481 353 425
428 457 357
138 137 101
244 119 221
1 32 105
18 236 191
40 54 165
184 154 74
287 289 337
272 397 284
465 402 446
309 342 315
53 151 91
89 231 115
174 104 199
17 191 246
25 155 211
379 305 410
487 457 364
281 474 379
488 486 461
258 356 425
330 296 355
375 473 496
403 276 383
366 331 354
373 392 473
316 381 303
263 391 324
341 501 387
476 347 338
311 344 392
478 475 273
292 442 394
480 255 432
332 458 444
491 333 283
258 292 436
4 26 171
198 196 239
70 135 96
124 31 245
124 125 208
84 179 162
80 112 33
213 20 231
214 182 155
235 235 231
506 314 470
314 377 435
485 484 330
356 388 399
95 24 20
76 141 198
255 152 180
146 80 3
169 47 123
343 510 462
348 444 306
350 445 364
291 485 341
295 373 389
461 367 480
506 377 406
164 5 204
107 4 76
237 13 166
219 20 221
83 83 117
107 202 196
304 341 292
506 441 488
456 429 413
393 297 378
423 426 256
334 488 504
506 345 489
322 481 300
251 24 171
58 220 171
41 15 90
126 191 142
159 61 115
498 401 474
381 350 473
508 284 471
368 373 401
467 436 497
320 383 262
499 436 337
438 471 399
297 340 293
73 118 135
11 84 228
238 175 95
251 218 52
89 185 83
358 455 383
327 430 303
408 504 432
391 455 398
358 451 417
508 379 378
480 416 323
252 188 89
150 23 80
83 243 20
145 17 218
93 125 245
16 112 88
275 406 414
375 471 463
480 289 394
275 499 416
507 315 331
387 451 502
348 443 268
255 383 398
53 170 91
202 41 67
232 231 245
204 173 95
162 163 72
295 394 448
320 288 325
267 482 426
504 376 272
398 267 361
507 370 280
259 260 351
406 405 466
358 357 354
358 357 256
478 431 407
331 354 330
368 433 441
321 290 457
263 262 270
414 509 374
507 369 377
382 316 281
462 333 490
417 320 486
441 508 500
33 225 232
167 160 14
45 238 68
251 125 48
173 143 95
59 92 232
323 256 436
375 506 487
319 325 274
301 331 381
287 353 336
369 498 355
358 388 467
327 437 452
11 8 182
157 188 176
148 183 17
10 139 34
196 6 45
410 474 412
407 279 338
376 343 433
297 424 419
465 464 339
450 450 263
372 277 431
332 494 360
348 507 504
274 275 431
417 418 453
367 274 308
301 396 330
366 295 459
321 415 389
340 442 401
305 498 478
280 382 498
399 465 290
257 416 437
295 328 493
215 84 18
33 1 226
70 134 35
254 190 181
100 197 166
135 192 196
269 256 359
501 371 382
327 485 462
394 260 363
343 309 445
441 307 315
414 379 405
324 257 268
42 107 236
9 137 96
93 252 181
234 74 100
242 114 219
315 510 499
374 373 350
509 446 405
259 451 258
323 356 303
502 403 409
435 275 476
330 426 255
257 385 269
386 419 359
350 349 340
376 375 468
324 297 385
419 422 480
342 432 414
397 416 296
458 458 447
219 123 201
38 5 177
43 173 216
155 61 200
249 120 108
163 229 177
118 244 166
184 7 23
240 241 67
123 4 176
478 317 436
306 402 313
502 405 504
388 294 305
494 301 313
370 337 372
323 417 422
312 503 382
55 246 158
106 41 207
88 250 188
217 184 16
123 149 189
311 473 464
377 508 432
415 448 467
375 378 387
478 315 431
426 295 321
379 379 372
283 476 505
501 470 497
405 374 435
318 283 509
426 489 302
310 500 475
281 378 466
340 309 271
485 454 259
488 423 266
40 41 12
244 181 208
145 80 213
69 66 134
117 52 177
313 345 507
372 409 401
312 313 463
326 407 328
385 418 305
389 376 424
269 269 257
343 440 368
345 442 380
424 328 462
368 496 376
359 328 269
363 427 334
462 461 490
488 359 428
264 423 268
469 304 404
486 287 451
422 352 387
371 501 272
398 493 360
505 410 342
400 338 352
428 397 508
258 290 495
375 376 374
382 280 275
445 338 280
362 259 300
467 345 401
291 325 268
278 276 442
422 440 297
263 457 408
363 398 476
18 48 194
3 34 242
134 166 13
69 38 239
96 39 92
358 451 395
290 319 260
426 394 449
301 296 268
319 480 291
327 265 267
484 358 352
415 386 356
334 462 293
434 495 341
456 454 493
409 372 315
370 413 435
364 302 356
505 471 369
312 505 336
473 311 286
286 510 283
496 501 305
498 305 400
340 275 432
421 454 259
444 441 446
284 281 477
437 311 303
378 441 274
484 291 491
403 307 407
346 314 508
273 272 374
374 504 496
499 339 284
425 328 427
276 440 381
320 362 366
189 21 49
84 12 0
78 135 250
220 6 200
52 209 25
259 422 510
330 393 307
314 281 437
460 462 415
353 255 362
361 455 290
350 471 468
475 381 465
385 447 393
285 311 508
495 496 435
297 460 424
435 404 469
304 337 495
441 412 312
502 373 466
440 471 444
486 360 353
320 453 321
282 409 376
409 375 413
374 469 464
467 304 378
497 303 505
312 342 350
409 506 443
294 355 289
314 313 478
363 330 302
450 449 448
486 453 288
429 302 299
381 439 507
380 506 478
469 272 372
186 58 158
164 68 224
160 39 3
166 7 12
146 147 244
404 339 474
478 443 473
501 310 465
440 286 314
505 411 504
360 494 361
170 237 169
74 141 9
228 231 192
217 254 186
133 2 70
186 59 94
415 416 391
510 311 467
414 381 493
255 421 303
500 501 293
480 416 268
486 390 383
319 320 484
345 282 348
482 319 394
333 493 390
369 273 356
417 353 484
449 324 453
406 438 306
494 430 458
498 338 437
363 332 323
289 481 326
355 390 256
265 488 462
369 400 470
258 481 388
18 115 26
244 117 248
105 22 37
187 250 179
91 123 254
414 414 346
497 340 272
367 401 467
453 312 396
280 375 356
368 368 474
173 172 10
190 177 118
102 102 45
82 19 26
77 12 229
245 26 178
311 470 413
366 302 458
354 482 447
413 413 409
263 456 397
323 485 416
287 397 453
424 265 491
313 467 411
304 274 472
408 506 336
450 416 394
498 272 378
484 454 428
421 447 267
355 389 300
324 457 385
345 312 382
353 292 256
390 486 255
377 500 412
403 276 369
345 376 370
499 458 381
358 355 397
487 488 397
467 434 406
463 502 466
471 317 345
319 416 356
475 380 471
505 339 286
264 394 386
373 467 316
40 233 128
33 66 169
147 19 123
7 192 164
3 192 70
66 196 129
255 480 452
338 434 399
260 420 485
361 457 359
387 388 493
391 358 302
397 332 330
476 508 473
432 303 344
505 440 402
359 328 493
443 377 308
392 263 413
286 509 344
435 499 303
433 370 408
300 459 471
368 305 293
504 279 400
480 493 389
424 458 293
442 292 310
452 421 457
499 338 414
358 389 460
267 364 483
364 460 361
469 309 402
292 420 290
430 270 394
394 362 295
389 486 415
327 426 261
472 280 317
121 154 91
163 163 1
226 226 229
7 167 4
58 154 57
64 231 227
341 400 467
491 332 429
396 395 398
317 510 346
463 382 436
441 504 335
353 481 330
479 255 360
271 368 502
310 467 274
322 289 326
258 385 387
403 372 338
313 346 315
478 336 312
385 386 338
490 361 281
410 259 393
424 298 354
435 374 369
338 283 403
325 483 365
438 502 397
475 443 339
325 325 385
510 318 409
406 310 432
407 279 476
357 293 363
404 468 313
204 75 26
156 94 142
230 39 247
69 36 11
241 209 37
169 9 29
50 114 228
49 178 4
234 74 125
91 24 76
502 342 324
281 506 458
379 382 464
456 487 390
463 466 440
399 370 500
409 444 472
343 318 410
339 403 278
305 338 499
483 257 454
433 339 368
468 438 371
337 371 495
384 358 322
455 456 300
351 288 419
457 489 460
340 372 380
395 267 259
504 441 382
475 411 312
351 287 325
392 423 255
316 510 374
355 457 321
282 503 317
309 275 509
275 305 381
385 352 394
41 231 239
128 3 37
16 243 26
155 36 10
142 173 51
275 468 420
341 403 507
290 364 458
262 486 493
391 391 452
481 316 295
445 446 471
476 314 317
463 466 372
436 467 411
474 313 402
388 323 412
406 437 318
431 335 435
324 258 389
343 317 410
392 489 255
306 274 385
359 278 375
345 420 265
472 312 374
269 397 356
332 396 376
378 387 490
322 413 496
355 334 345
359 287 303
385 332 280
272 282 270
416 268 408
448 326 371
278 495 322
362 298 286
298 266 412
274 274 450
140 207 158
107 42 58
6 64 138
164 198 43
38 39 203
364 332 321
315 348 304
375 313 271
397 383 455
352 418 451
359 488 267
465 434 472
301 366 423
495 400 371
358 421 270
459 460 383
486 485 276
261 453 470
498 271 294
459 267 410
363 491 400
383 350 303
455 457 322
422 388 415
405 403 496
335 272 438
419 291 352
409 345 434
337 306 423
328 328 324
433 379 441
298 264 483
350 348 295
420 394 491
317 280 306
466 273 276
504 469 317
347 257 309
377 503 372
328 424 320
143 48 26
119 208 121
34 98 138
135 71 140
248 56 115
507 354 310
325 453 438
343 501 325
360 429 414
368 446 447
270 492 284
434 433 448
256 384 399
450 482 368
427 491 413
303 367 321
331 267 284
408 472 486
318 413 266
409 316 429
286 510 429
307 339 409
458 487 375
395 332 285
446 285 305
481 354 388
366 270 317
435 468 388
265 264 486
480 415 390
285 381 341
273 465 409
275 403 316
477 285 501
493 429 489
274 433 502
481 321 389
460 385 297
420 483 487
352 485 489
60 124 213
70 230 161
198 69 238
173 13 228
61 125 190
463 498 372
333 331 489
425 268 354
396 333 310
256 289 307
419 291 363
445 412 339
430 395 348
308 442 266
425 273 285
290 394 440
378 509 395
421 378 437
325 290 489
366 320 454
432 399 279
319 287 265
352 321 327
300 386 457
390 387 301
407 474 469
277 437 319
476 444 396
472 445 295
474 407 268
428 458 411
352 479 272
325 344 328
275 404 451
344 504 269
321 353 380
377 312 435
301 462 349
388 453 341
488 424 260
239 108 165
43 74 38
246 214 64
196 4 114
127 216 105
376 440 393
438 310 453
277 310 383
405 407 488
454 393 283
350 506 262
499 471 460
504 444 366
166 219 118
35 93 147
224 97 125
17 252 40
78 76 216
113 158 136
428 461 308
416 319 440
284 509 490
460 269 477
359 397 344
452 325 340
411 475 300
336 397 350
422 484 276
277 327 376
336 398 350
278 278 259
434 274 257
310 499 486
324 261 499
449 319 436
455 457 389
362 266 324
267 491 315
383 383 405
386 322 279
313 506 458
442 316 270
404 433 479
259 351 399
328 366 507
359 342 345
286 477 491
461 461 447
432 401 382
300 337 475
443 347 305
443 318 272
404 373 358
25 153 136
86 247 193
128 163 86
94 189 244
233 168 142
200 231 128
495 306 469
468 276 337
285 349 370
466 338 357
347 314 304
255 288 409
509 318 502
300 396 259
258 482 265
457 457 449
487 455 301
329 297 333
373 277 498
223 191 246
20 212 236
90 157 181
115 148 59
205 45 66
232 199 79
350 271 503
392 297 415
402 463 285
269 365 349
445 471 433
259 261 365
423 295 481
430 365 262
273 507 436
309 470 441
404 298 484
321 447 396
412 350 278
404 310 477
305 497 441
5 170 77
205 236 71
43 169 96
206 193 198
209 209 246
53 52 83
329 426 363
461 395 421
418 385 428
454 390 364
374 341 335
267 493 266
386 257 489
477 478 276
373 404 286
296 296 483
501 310 279
335 316 410
321 488 329
109 76 234
215 183 60
126 156 48
99 12 171
153 249 61
39 167 47
449 385 429
405 276 411
276 277 414
406 374 375
373 277 409
490 327 261
264 393 483
275 438 394
417 383 470
465 268 451
443 317 405
263 389 320
345 410 379
320 319 452
265 266 331
124 221 23
235 72 39
4 65 182
133 67 50
64 192 211
42 168 230
266 387 450
317 477 471
460 491 328
435 341 272
319 386 295
470 399 318
343 502 413
353 481 422
447 447 387
491 429 296
455 428 265
391 430 361
330 297 352
29 255 84
180 153 221
174 237 232
174 65 163
137 231 101
152 182 53
277 311 441
338 316 445
352 270 396
451 298 424
359 261 387
305 283 414
398 351 481
400 510 379
492 450 325
415 385 259
325 295 428
59 85 208
182 148 18
70 8 141
203 36 198
117 155 120
199 170 200
93 19 144
200 134 4
201 39 162
155 181 55
381 271 402
350 368 498
320 366 491
290 300 327
329 323 352
476 273 463
368 318 377
409 340 406
394 452 389
274 380 510
460 482 351
440 470 340
489 387 261
134 168 42
25 119 244
243 221 95
234 200 78
48 221 95
88 54 180
401 443 317
260 362 487
483 266 392
307 345 472
488 390 260
341 311 441
454 484 354
408 474 348
357 391 268
426 388 262
291 329 462
178 156 30
146 252 30
127 93 251
7 233 140
99 77 239
372 282 413
347 369 502
270 352 483
318 465 339
503 437 306
342 280 410
500 313 439
490 420 293
335 414 284
486 295 425
504 309 435
445 495 370
348 401 271
477 399 274
185 118 244
203 133 6
128 78 203
143 205 64
12 193 67
229 171 40
163 109 232
90 20 151
14 193 3
129 76 142
416 366 427
395 333 386
358 424 361
408 341 403
494 416 481
326 391 329
463 285 476
314 376 307
366 288 353
322 268 333
324 390 329
33 111 44
166 105 171
231 42 232
217 59 150
50 144 253
311 409 374
412 382 465
257 430 332
284 510 337
439 282 373
413 315 464
277 499 344
496 274 445
487 394 292
498 399 316
333 427 258
415 321 494
388 294 457
460 287 385
230 11 233
14 163 65
18 177 95
7 132 137
36 166 171
309 436 471
434 303 348
498 368 285
255 322 333
395 320 321
466 399 412
509 315 304
403 336 317
479 418 332
387 326 297
509 315 336
401 271 380
392 266 293
361 487 388
497 367 380
277 340 375
104 234 229
56 123 86
29 155 150
153 218 52
231 100 105
478 401 367
376 506 499
454 260 361
344 474 469
359 298 452
327 460 449
338 431 348
266 360 292
291 486 489
446 507 496
335 274 508
406 467 377
453 386 363
317 507 400
213 208 223
156 217 214
170 169 101
233 138 231
197 200 203
285 476 463
350 443 368
407 476 497
428 487 262
474 413 432
311 380 337
341 274 315
264 331 354
331 264 261
295 493 482
443 504 501
426 493 448
478 409 372
442 316 303
415 289 300
273 406 407
141 11 8
251 125 112
21 147 158
100 33 46
137 234 135
432 338 510
459 362 389
506 349 508
276 438 274
298 405 304
499 341 297
416 261 313
366 257 485
363 461 417
494 332 480
470 401 412
435 368 381
394 485 388
426 325 480
135 225 189
25 187 231
142 75 84
77 136 235
88 119 242
429 394 260
492 327 361
452 352 334
318 475 433
308 343 445
435 466 365
455 362 469
384 355 442
269 364 295
471 275 373
325 388 362
345 284 318
402 469 311
268 416 322
502 403 273
363 330 277
2 71 88
195 192 197
1 78 75
162 231 232
106 239 224
388 287 461
397 363 321
424 358 292
379 318 471
456 270 428
276 305 304
374 496 338
509 282 292
321 383 350
396 333 399
364 429 463
300 487 328
344 414 316
438 369 299
145 51 140
169 10 244
43 245 246
184 255 93
169 180 114
439 474 443
263 358 356
337 310 376
492 487 361
451 351 322
497 404 374
262 425 458
490 327 429
279 348 507
318 482 255
330 455 269
382 503 441
412 312 374
483 319 269
498 406 343
394 333 479
331 327 296
330 334 491
404 373 303
425 264 491
412 445 506
428 328 458
388 357 482
296 267 461
334 265 488
323 258 301
472 443 478
461 331 359
497 367 403
457 267 429
411 377 376
255 485 324
366 492 447
484 354 365
326 296 300
102 152 17
223 161 9
23 152 191
171 106 12
245 84 210
351 384 420
415 461 393
462 460 480
489 262 354
469 407 286
298 485 353
310 312 286
397 384 357
506 343 432
446 414 493
443 346 329
258 386 397
345 314 469
497 304 307
261 259 256
462 392 325
469 339 412
487 327 290
308 340 485
332 363 471
265 487 283
468 309 356
323 387 296
509 510 309
411 285 274
496 402 296
397 395 421
324 354 299
383 364 309
344 410 322
372 298 257
258 481 365
445 478 384
506 375 455
299 460 317
337 498 258
438 263 390
472 381 340
396 270 347
293 383 373
417 447 307
395 305 474
332 269 291
369 339 506
510 476 504
335 501 307
258 259 420
295 327 456
261 261 387
425 457 263
352 416 290
309 501 403
463 304 498
339 404 370
349 446 439
295 264 451
437 278 503
423 489 439
422 449 310
298 491 314
356 354 339
368 466 407
330 327 349
275 298 408
436 467 387
284 306 462
418 420 400
271 369 256
399 462 382
263 359 419
289 449 451
381 439 341
365 459 357
357 378 445
350 347 468
390 376 338
279 473 360
318 317 332
372 307 357
426 425 348
257 319 427
292 293 493
490 437 411
315 434 330
303 470 299
434 411 294
317 442 258
354 411 469
354 353 456
385 268 457
382 286 343
313 308 444
271 478 438
502 407 495
414 477 504
453 421 415
418 482 261
439 382 411
496 271 499
288 479 420
483 486 288
333 366 361
377 440 381
498 465 438
466 497 406
472 439 380
264 359 366
450 352 426
458 296 450
389 355 269
484 486 384
507 378 478
336 335 372
332 331 424
355 388 321
262 261 413
491 267 451
489 307 256
342 469 348
261 387 429
384 353 423
431 397 510
295 297 508
276 278 389
495 433 411
315 380 309
405 406 353
305 498 316
500 340 474
360 487 343
275 426 506
402 274 481
412 283 493
264 392 407
392 360 280
483 292 361
447 482 492
492 427 294
292 389 459
448 320 362
420 388 436
492 322 477
324 294 498
313 343 489
446 475 491
339 458 314
502 265 440
366 428 381
360 298 376
497 463 385
359 488 311
288 447 336
